#MQR=Median Quartile Range: difference between median and first quartile.
#MLD=Median Linear Discriminant: same as FLD except using MQR values instead of IQR.
#%guid=5fcc9e12-124e-43bb-8357-6b4baf2781a3
cel_files	axiom_signal_contrast_AT_B_MQR	axiom_signal_contrast_AT_B	axiom_signal_contrast_AT_MLD	axiom_signal_contrast_AT_SBR	axiom_signal_contrast_AT_S_MQR	axiom_signal_contrast_AT_S	axiom_signal_contrast_A_signal_mean	axiom_signal_contrast_C_signal_mean	axiom_signal_contrast_GC_B_MQR	axiom_signal_contrast_GC_B	axiom_signal_contrast_GC_MLD	axiom_signal_contrast_GC_SBR	axiom_signal_contrast_GC_S_MQR	axiom_signal_contrast_GC_S	axiom_signal_contrast_G_signal_mean	axiom_signal_contrast_T_signal_mean	axiom_dishqc_DQC	axiom_dishqc_log_diff_qc	saturation_GC	saturation_AT	axiom_varscore_CV_GC	axiom_varscore_CV_AT	affymetrix-scan-date
a551475-4501047-031026-128_A01.CEL	94.00000	417.27124	2.90659	1.85521	254.00000	774.12500	770.83871	1379.66123	88.00000	345.30856	9.25909	4.16859	372.00000	1439.44935	1488.56101	777.73759	0.92061	3.70375	0.00256	0.00000	0.14574	0.09250	2024-04-17T17:48:37Z
a551475-4501047-031026-128_A02.CEL	95.00000	405.34886	2.68281	1.80044	234.00000	729.80800	729.07097	1264.75725	81.00000	324.50338	9.18220	4.10764	347.00000	1332.94281	1388.95238	730.61820	0.90878	3.56200	0.00220	0.00000	0.14400	0.08770	2024-04-17T17:49:46Z
a551475-4501047-031026-128_A03.CEL	92.00000	422.44771	3.43498	2.02322	305.00000	854.70383	852.94516	1587.27717	87.00000	348.89133	10.26653	4.82579	468.00000	1683.67565	1762.86012	856.63712	0.94932	3.81939	0.00391	0.00000	0.14315	0.07606	2024-04-17T17:50:20Z
a551475-4501047-031026-128_A04.CEL	82.00000	377.83170	2.95845	1.79846	216.00000	679.51577	679.25699	1158.01630	77.00000	298.00056	9.53567	4.02961	293.00000	1200.82516	1235.98958	679.80024	0.92399	3.67943	0.00214	0.00000	0.14919	0.08912	2024-04-17T17:50:55Z
a551475-4501047-031026-128_A05.CEL	91.00000	407.23611	2.89845	1.84133	244.00000	749.85642	745.87957	1276.87862	91.00000	339.55518	8.68431	4.00390	371.00000	1359.54330	1427.44643	754.22813	0.92568	3.58708	0.00251	0.00000	0.19918	0.11081	2024-04-17T17:51:30Z
a551475-4501047-031026-128_A06.CEL	98.00000	425.54820	3.23578	1.88362	247.00000	801.57264	795.65484	1420.97101	92.00000	349.35642	8.44942	4.29212	445.00000	1499.47876	1563.96726	808.07801	0.91892	3.58219	0.00291	0.00000	0.14474	0.08745	2024-04-17T17:52:04Z
a551475-4501047-031026-128_A07.CEL	98.00000	424.33742	2.94648	1.95071	293.00000	827.76014	824.77527	1676.87500	110.00000	405.99887	9.81486	4.29749	468.00000	1744.77451	1800.54911	831.04137	0.92399	3.61405	0.00483	0.00000	0.14226	0.07285	2024-04-17T17:52:38Z
a551475-4501047-031026-128_A08.CEL	83.00000	384.43873	2.80638	1.78416	215.00000	685.89977	684.02366	1154.32428	80.00000	308.06926	10.38211	3.92542	298.00000	1209.30147	1254.46131	687.96217	0.91554	3.58816	0.00188	0.00000	0.13911	0.08354	2024-04-17T17:53:13Z
a551475-4501047-031026-128_A09.CEL	100.00000	420.10458	2.95537	1.90585	270.00000	800.65428	796.03441	1428.95471	90.00000	348.74268	8.47706	4.32882	433.00000	1509.64542	1575.92708	805.73286	0.91892	3.57727	0.00324	0.00000	0.15260	0.07949	2024-04-17T17:53:47Z
a551475-4501047-031026-128_A10.CEL	99.00000	426.69444	2.56294	1.76808	231.00000	754.42793	751.91720	1257.12862	85.00000	336.83446	8.20680	3.89476	338.00000	1311.88889	1356.87054	757.18794	0.88682	3.26735	0.00249	0.00000	0.14802	0.08842	2024-04-17T17:54:21Z
a551475-4501047-031026-128_A11.CEL	91.00000	402.86193	2.90248	1.83938	250.00000	741.01520	737.57097	1285.23732	87.00000	320.90991	8.20203	4.12373	378.00000	1323.34477	1354.64732	744.80142	0.92061	3.64144	0.00246	0.00000	0.15731	0.08415	2024-04-17T17:54:56Z
a551475-4501047-031026-128_A12.CEL	84.00000	389.37337	2.82439	1.72759	197.00000	672.67680	664.62903	1103.03080	87.00000	318.86768	7.71795	3.68072	310.00000	1173.66176	1231.68006	681.52364	0.88514	3.26671	0.00199	0.00000	0.15719	0.08264	2024-04-17T17:55:31Z
a551475-4501047-031026-128_A13.CEL	86.00000	377.63807	2.90268	1.85811	239.00000	701.69313	700.02688	1252.20833	86.00000	312.58164	8.84255	4.11127	354.00000	1285.10703	1312.13095	703.52482	0.91554	3.54618	0.00205	0.00000	0.15672	0.08724	2024-04-17T17:56:05Z
a551475-4501047-031026-128_A14.CEL	110.00000	474.33415	2.83984	1.79314	266.00000	850.54673	849.13441	1460.85145	103.00000	377.47973	9.50648	4.11952	386.00000	1555.03513	1632.40030	852.09929	0.89696	3.38469	0.00353	0.00000	0.13816	0.07966	2024-04-17T17:56:40Z
a551475-4501047-031026-128_A15.CEL	102.00000	427.46405	2.92206	1.86843	271.00000	798.68863	790.84624	1399.96739	101.00000	356.24944	9.11448	4.11962	397.00000	1467.61356	1523.18006	807.30969	0.91892	3.49027	0.00305	0.00000	0.16539	0.07896	2024-04-17T17:57:14Z
a551475-4501047-031026-128_A16.CEL	87.00000	401.44036	2.73997	1.79092	237.00000	718.94876	719.19140	1195.21014	78.00000	315.72973	9.44686	3.98371	317.00000	1257.77614	1309.16964	718.68203	0.88514	3.36852	0.00215	0.00000	0.13937	0.08080	2024-04-17T17:57:49Z
a551475-4501047-031026-128_A17.CEL	89.00000	405.38971	2.91485	1.89359	272.00000	767.64245	764.00753	1355.12862	88.00000	333.45664	8.97636	4.24715	390.00000	1416.24020	1466.43899	771.63830	0.91723	3.48435	0.00268	0.00000	0.15688	0.08285	2024-04-17T17:58:23Z
a551475-4501047-031026-128_A18.CEL	95.00000	422.37908	2.77075	1.76549	242.00000	745.70608	743.08602	1255.36051	88.00000	330.53941	9.96217	3.97520	312.00000	1313.96078	1362.09673	748.58629	0.90372	3.45258	0.00222	0.00000	0.13922	0.07901	2024-04-17T17:58:58Z
a551475-4501047-031026-128_A19.CEL	80.00000	365.99265	2.74000	1.79810	220.00000	658.09065	653.45376	1193.56341	94.00000	326.31926	8.21349	3.84738	348.00000	1255.47386	1306.32887	663.18794	0.92230	3.60551	0.00231	0.00000	0.15735	0.07492	2024-04-17T17:59:32Z
a551475-4501047-031026-128_A20.CEL	116.00000	476.64788	3.12365	1.88392	275.00000	897.96791	897.19785	1560.20471	101.00000	383.19595	9.81038	4.32689	441.00000	1658.04820	1738.41964	898.81442	0.91216	3.52883	0.00425	0.00000	0.12992	0.07028	2024-04-17T18:00:07Z
a551475-4501047-031026-128_A21.CEL	102.00000	448.77859	3.09142	1.89824	283.00000	851.88795	852.40968	1505.59420	99.00000	362.79110	9.42061	4.37374	433.00000	1586.75408	1653.42113	851.31442	0.91385	3.55227	0.00347	0.00000	0.13263	0.06972	2024-04-17T18:00:42Z
a551475-4501047-031026-128_A22.CEL	95.00000	407.33742	2.72196	1.81695	250.00000	740.11149	741.87849	1222.73551	79.00000	305.57038	8.57472	4.17805	353.00000	1276.68954	1321.00893	738.16903	0.91385	3.62305	0.00203	0.00000	0.14493	0.08436	2024-04-17T18:01:16Z
a551475-4501047-031026-128_A23.CEL	101.00000	456.80882	2.69775	1.73405	248.00000	792.13063	787.87419	1314.20471	93.00000	360.55236	9.29179	3.83697	355.00000	1383.42729	1440.28869	796.80969	0.91385	3.51332	0.00284	0.00000	0.14752	0.08048	2024-04-17T18:02:05Z
a551475-4501047-031026-128_A24.CEL	95.00000	439.32680	3.00282	1.76447	238.00000	775.17849	768.94086	1292.83877	89.00000	346.82883	8.74287	3.86766	365.00000	1341.41585	1381.31845	782.03546	0.91047	3.42530	0.00208	0.00000	0.13097	0.08354	2024-04-17T18:02:38Z
a551475-4501047-031026-128_B01.CEL	76.00000	370.60458	3.41462	1.85627	213.00000	687.94369	683.23441	1164.70290	74.00000	288.89583	9.82796	4.18603	310.00000	1209.32761	1245.98363	693.12057	0.93412	3.75205	0.00187	0.00000	0.13934	0.07647	2024-04-17T18:17:13Z
a551475-4501047-031026-128_B02.CEL	88.00000	388.00899	3.37987	1.83673	215.00000	712.66779	710.10000	1224.19203	78.00000	306.83390	10.26808	4.21790	321.00000	1294.19526	1351.69792	715.49054	0.91892	3.62031	0.00228	0.00000	0.13322	0.07768	2024-04-17T18:16:39Z
a551475-4501047-031026-128_B03.CEL	96.00000	428.09641	3.19616	1.84427	247.00000	789.52703	780.26344	1312.95290	80.00000	322.29955	10.60380	4.28697	341.00000	1381.68709	1438.14732	799.71040	0.92230	3.65374	0.00272	0.00000	0.13849	0.07851	2024-04-17T18:16:05Z
a551475-4501047-031026-128_B04.CEL	83.00000	399.50245	3.51178	1.89589	236.00000	757.41441	754.40645	1311.27717	87.00000	320.06137	9.32393	4.29257	378.00000	1373.88725	1425.31696	760.72104	0.93412	3.66588	0.00268	0.00000	0.15419	0.08551	2024-04-17T18:15:16Z
a551475-4501047-031026-128_B05.CEL	101.00000	437.76961	2.95513	1.79036	244.00000	783.76520	780.80000	1341.80616	91.00000	346.86486	9.00757	4.07591	384.00000	1413.78840	1472.91667	787.02482	0.92568	3.61373	0.00306	0.00000	0.13498	0.07257	2024-04-17T18:14:26Z
a551475-4501047-031026-128_B06.CEL	84.00000	391.65768	3.24279	1.79266	210.00000	702.10867	700.10215	1215.50362	86.00000	332.65034	10.47050	3.85006	312.00000	1280.72304	1334.29613	704.31442	0.93581	3.68141	0.00242	0.00000	0.16709	0.08411	2024-04-17T18:13:52Z
a551475-4501047-031026-128_B07.CEL	83.00000	370.96732	3.01993	1.83590	227.00000	681.05912	680.97742	1191.89130	78.00000	294.92793	9.25405	4.24835	331.00000	1252.95588	1303.11607	681.14894	0.91892	3.60899	0.00207	0.00000	0.13310	0.07728	2024-04-17T18:13:01Z
a551475-4501047-031026-128_B08.CEL	90.00000	396.94526	3.44768	1.95269	259.00000	775.11205	771.73871	1419.19022	82.00000	328.65541	9.89326	4.57766	402.00000	1504.47141	1574.52381	778.82033	0.92399	3.65144	0.00308	0.00000	0.16713	0.09754	2024-04-17T18:12:27Z
a551475-4501047-031026-128_B09.CEL	99.00000	441.04330	3.10031	1.79802	245.00000	793.00450	782.79892	1374.49457	105.00000	375.05349	9.46645	3.88774	383.00000	1458.11111	1526.79613	804.22340	0.92061	3.55664	0.00298	0.00000	0.15632	0.08091	2024-04-17T18:11:53Z
a551475-4501047-031026-128_B10.CEL	91.00000	407.54984	2.91036	1.79532	231.00000	731.68412	729.76237	1200.72645	83.00000	322.51295	9.59611	3.98947	323.00000	1286.65686	1357.24256	733.79669	0.91216	3.58016	0.00237	0.00000	0.14534	0.07598	2024-04-17T18:11:19Z
a551475-4501047-031026-128_B11.CEL	80.00000	348.78105	2.67890	1.79452	209.00000	625.89302	624.83871	1068.42391	70.00000	266.19932	8.97964	4.15187	296.00000	1105.22631	1135.45685	627.05201	0.92905	3.65515	0.00166	0.00000	0.14630	0.09316	2024-04-17T18:10:43Z
a551475-4501047-031026-128_B12.CEL	104.00000	446.31944	3.13529	1.92276	297.00000	858.16667	857.59570	1519.68116	100.00000	361.15822	9.69760	4.42931	436.00000	1599.68056	1665.39435	858.79433	0.92568	3.62030	0.00372	0.00000	0.15755	0.07827	2024-04-17T18:10:09Z
a551475-4501047-031026-128_B13.CEL	74.00000	344.74346	2.51428	1.74867	198.00000	602.84234	597.90323	981.02899	68.00000	259.41047	9.53069	3.97449	254.00000	1031.02533	1072.09375	608.27187	0.91047	3.54116	0.00157	0.00000	0.14136	0.08679	2024-04-17T18:09:35Z
a551475-4501047-031026-128_B14.CEL	90.00000	421.10784	3.07063	1.88508	272.00000	793.82320	789.84731	1342.45109	92.00000	331.10360	9.13769	4.32388	390.00000	1431.65359	1504.92708	798.19385	0.92230	3.62295	0.00281	0.00000	0.16004	0.07701	2024-04-17T18:09:01Z
a551475-4501047-031026-128_B15.CEL	81.00000	387.54820	2.86826	1.77254	222.00000	686.94313	687.29355	1107.11051	79.00000	285.79561	8.75954	4.09206	310.00000	1169.49183	1220.73363	686.55792	0.93412	3.67653	0.00206	0.00000	0.13781	0.07876	2024-04-17T18:08:26Z
a551475-4501047-031026-128_B16.CEL	98.00000	455.48529	2.79560	1.80665	278.00000	822.90090	814.99785	1385.34964	100.00000	371.73311	9.77885	3.93539	370.00000	1462.91422	1526.62798	831.58865	0.91723	3.56992	0.00309	0.00000	0.16535	0.08242	2024-04-17T18:07:52Z
a551475-4501047-031026-128_B17.CEL	92.00000	407.24101	2.99293	1.81326	237.00000	738.43412	732.74839	1048.35326	78.00000	291.10811	9.61538	3.85641	286.00000	1122.63317	1183.64881	744.68440	0.92399	3.67562	0.00110	0.00000	0.14538	0.08380	2024-04-17T18:07:17Z
a551475-4501047-031026-128_B18.CEL	86.00000	393.84150	3.08892	1.82277	229.00000	717.88063	715.05376	1199.40942	87.00000	320.09291	8.86400	3.94766	331.00000	1263.61928	1316.36310	720.98818	0.92061	3.56697	0.00249	0.00000	0.18086	0.08966	2024-04-17T18:06:43Z
a551475-4501047-031026-128_B19.CEL	88.00000	387.76716	2.59912	1.74100	218.00000	675.10079	667.14839	1093.26449	76.00000	297.77928	10.10550	3.77769	270.00000	1124.91667	1150.91667	683.84279	0.90541	3.56302	0.00171	0.00000	0.14184	0.08645	2024-04-17T18:06:07Z
a551475-4501047-031026-128_B20.CEL	93.00000	411.40605	3.18103	1.89322	256.00000	778.88288	775.77312	1365.54167	80.00000	340.63739	9.96511	4.24397	381.00000	1445.65441	1511.46131	782.30142	0.92399	3.67651	0.00290	0.00000	0.14817	0.08708	2024-04-17T18:05:32Z
a551475-4501047-031026-128_B21.CEL	92.00000	433.65033	3.10736	1.90625	278.00000	826.64583	820.51613	1425.74094	101.00000	356.30068	8.36664	4.21778	422.00000	1502.79820	1566.09524	833.38416	0.93412	3.64571	0.00338	0.00000	0.19292	0.10092	2024-04-17T18:04:58Z
a551475-4501047-031026-128_B22.CEL	90.00000	422.71732	2.14378	1.68359	236.00000	711.68300	706.16989	1080.30616	86.00000	311.23480	6.24010	3.64094	321.00000	1133.18627	1176.62351	717.74350	0.84966	3.08549	0.00221	0.00000	0.14848	0.08291	2024-04-17T18:04:23Z
a551475-4501047-031026-128_B23.CEL	84.00000	407.89542	2.90354	1.73101	214.00000	706.07207	703.49677	1157.12681	85.00000	312.98592	8.55961	3.89452	308.00000	1218.93056	1269.69792	708.90307	0.88514	3.36209	0.00201	0.00000	0.15208	0.09411	2024-04-17T18:03:48Z
a551475-4501047-031026-128_B24.CEL	106.00000	468.17075	2.91342	1.84614	285.00000	864.30968	861.98065	1458.40580	98.00000	379.31250	10.03195	4.10781	398.00000	1558.14379	1640.07143	866.86998	0.91892	3.53078	0.00320	0.00000	0.13637	0.07408	2024-04-17T18:03:13Z
a551475-4501047-031026-128_C01.CEL	67.00000	340.54984	2.93515	1.74309	186.00000	593.60980	591.68602	981.97645	65.00000	259.57939	8.73234	3.86895	260.00000	1004.29984	1022.63690	595.72459	0.91723	3.65143	0.00152	0.00000	0.14217	0.09376	2024-04-17T18:17:47Z
a551475-4501047-031026-128_C02.CEL	85.00000	382.68954	3.41400	1.92724	235.00000	737.53435	734.60108	1266.26993	84.00000	310.43468	9.53405	4.31696	363.00000	1340.13399	1400.80804	740.75887	0.94932	3.84337	0.00257	0.00000	0.15127	0.07923	2024-04-17T18:18:22Z
a551475-4501047-031026-128_C03.CEL	81.00000	377.87745	3.49087	1.98951	257.00000	751.79110	755.38925	1322.65217	71.00000	283.75394	8.59698	4.89861	417.00000	1390.00082	1445.32292	747.83570	0.94257	3.84381	0.00283	0.00000	0.13057	0.07494	2024-04-17T18:18:57Z
a551475-4501047-031026-128_C04.CEL	101.00000	435.25735	3.43065	1.87991	254.00000	818.24381	817.25806	1485.01449	92.00000	349.20327	9.97341	4.45516	422.00000	1555.75654	1613.86607	819.32742	0.93243	3.71145	0.00343	0.00000	0.14395	0.07659	2024-04-17T18:19:31Z
a551475-4501047-031026-128_C05.CEL	73.00000	352.08660	3.41284	1.89753	225.00000	668.09347	666.36022	1138.88587	68.00000	266.00225	9.63040	4.48262	314.00000	1192.38644	1236.33333	669.99882	0.94257	3.76119	0.00204	0.00000	0.14520	0.09221	2024-04-17T18:20:05Z
a551475-4501047-031026-128_C06.CEL	90.00000	419.26879	3.26582	1.87751	262.00000	787.18187	785.08710	1415.74275	90.00000	334.19032	8.80469	4.48563	425.00000	1499.05474	1567.48958	789.48463	0.93243	3.66256	0.00301	0.00000	0.14330	0.07756	2024-04-17T18:20:41Z
a551475-4501047-031026-128_C07.CEL	69.00000	344.59314	2.87782	1.69386	178.00000	583.69257	579.33011	961.97826	67.00000	260.15034	8.38220	3.82776	271.00000	995.79248	1023.56845	588.48818	0.91723	3.55063	0.00052	0.00000	0.15295	0.09920	2024-04-17T18:21:15Z
a551475-4501047-031026-128_C08.CEL	82.00000	349.22222	2.98188	1.85381	208.00000	647.39020	647.34194	1100.73913	76.00000	282.71565	9.19188	4.08233	294.00000	1154.13725	1198.00000	647.44326	0.91554	3.55788	0.00204	0.00000	0.16306	0.09722	2024-04-17T18:21:49Z
a551475-4501047-031026-128_C09.CEL	77.00000	350.19526	2.61562	1.81018	206.00000	633.91779	628.97097	990.62862	66.00000	265.56475	7.75086	3.93064	272.00000	1043.83905	1087.54762	639.35579	0.90878	3.50104	0.00179	0.00000	0.14091	0.08219	2024-04-17T18:22:24Z
a551475-4501047-031026-128_C10.CEL	77.00000	357.27206	2.46743	1.66932	182.00000	596.40259	594.92473	937.84601	70.00000	270.25225	8.40076	3.69860	253.00000	999.55392	1050.24256	598.02719	0.90203	3.34522	0.00171	0.00000	0.15084	0.09949	2024-04-17T18:23:00Z
a551475-4501047-031026-128_C11.CEL	78.00000	356.69526	2.83445	1.83656	221.00000	655.09403	652.54624	1105.63768	83.00000	291.50282	7.83104	3.91495	316.00000	1141.21895	1170.44643	657.89480	0.91554	3.55225	0.00205	0.00000	0.16486	0.08345	2024-04-17T18:23:51Z
a551475-4501047-031026-128_C12.CEL	88.00000	412.85049	2.60959	1.74044	233.00000	718.53998	711.17849	1133.19203	84.00000	303.30124	8.47816	3.98802	296.00000	1209.57108	1272.31101	726.63239	0.88514	3.32481	0.00216	0.00000	0.14720	0.08140	2024-04-17T18:24:26Z
a551475-4501047-031026-128_C13.CEL	81.00000	432.12908	2.41439	1.59984	195.00000	691.33896	689.94839	972.36232	69.00000	269.01351	8.45191	3.76269	259.00000	1012.21487	1044.95089	692.86761	0.87500	3.28210	0.00165	0.00000	0.14849	0.08434	2024-04-17T18:25:01Z
a551475-4501047-031026-128_C14.CEL	81.00000	382.70670	3.03279	1.79117	202.00000	685.49381	681.09140	1086.37319	87.00000	304.18806	7.60567	3.80130	305.00000	1156.30964	1213.75744	690.33333	0.88682	3.30959	0.00200	0.00000	0.17655	0.07595	2024-04-17T18:25:36Z
a551475-4501047-031026-128_C15.CEL	89.00000	387.24755	3.10621	1.86166	240.00000	720.92399	719.37849	1197.85507	75.00000	283.61374	9.55277	4.46391	333.00000	1266.02696	1322.02530	722.62293	0.92061	3.60247	0.00217	0.00000	0.13842	0.08906	2024-04-17T18:26:11Z
a551475-4501047-031026-128_C16.CEL	76.00000	330.71977	2.28460	1.65626	171.00000	547.75676	539.44731	613.25725	65.00000	209.20552	6.70013	3.16461	167.00000	662.05474	702.13839	556.89125	0.87162	3.19079	0.00010	0.00000	0.16573	0.09083	2024-04-17T18:26:45Z
a551475-4501047-031026-128_C17.CEL	51.00000	237.36356	2.98899	1.84117	152.00000	437.02590	433.63011	738.74457	54.00000	198.44820	9.71180	3.89398	196.00000	772.75408	800.69048	440.75887	0.93074	3.69030	0.00010	0.00000	0.12749	0.07686	2024-04-17T18:27:20Z
a551475-4501047-031026-128_C18.CEL	85.00000	387.26389	2.43072	1.65131	194.00000	639.49381	634.73441	1104.46558	89.00000	357.76971	7.73638	3.23313	291.00000	1156.71487	1199.63393	644.72577	0.89527	3.34500	0.00222	0.00000	0.15381	0.09604	2024-04-17T18:27:54Z
a551475-4501047-031026-128_C19.CEL	109.00000	465.05719	2.76525	1.79513	260.00000	834.83896	828.20753	1384.46739	94.00000	367.59459	8.90061	4.02270	394.00000	1478.72304	1556.14732	842.12884	0.91216	3.49326	0.00316	0.00000	0.13900	0.07838	2024-04-17T18:28:29Z
a551475-4501047-031026-128_C20.CEL	78.00000	374.75817	3.01363	1.83446	223.00000	687.48029	688.08602	1138.15761	80.00000	298.89077	9.68495	3.92732	290.00000	1173.84069	1203.15179	686.81442	0.92399	3.60565	0.00192	0.00000	0.15309	0.08378	2024-04-17T18:29:03Z
a551475-4501047-031026-128_C21.CEL	96.00000	453.51552	3.36596	1.89508	280.00000	859.44932	852.22258	1494.34783	92.00000	351.82264	10.02908	4.49630	421.00000	1581.90114	1653.81994	867.39362	0.92905	3.67308	0.00342	0.00000	0.13119	0.07176	2024-04-17T18:29:38Z
a551475-4501047-031026-128_C22.CEL	97.00000	420.31046	2.86923	1.86340	265.00000	783.20552	783.91935	1325.58514	82.00000	314.62106	8.81028	4.43575	391.00000	1395.58088	1453.07738	782.42080	0.92736	3.60689	0.00274	0.00000	0.15307	0.08497	2024-04-17T18:30:13Z
a551475-4501047-031026-128_C23.CEL	92.00000	393.89788	2.98770	1.82392	228.00000	718.43637	714.95699	1193.89855	78.00000	300.65090	9.33810	4.17409	323.00000	1254.94526	1305.09077	722.26123	0.92905	3.62043	0.00211	0.00000	0.14413	0.08077	2024-04-17T18:30:47Z
a551475-4501047-031026-128_C24.CEL	81.00000	389.22794	2.75540	1.72211	208.00000	670.29279	671.18817	1118.59783	84.00000	306.51520	8.82851	3.71363	298.00000	1138.28268	1154.45238	669.30851	0.91723	3.52901	0.00116	0.00000	0.15026	0.09454	2024-04-17T18:31:21Z
a551475-4501047-031026-128_D01.CEL	86.00000	402.88235	3.51515	1.87174	236.00000	754.09291	748.15484	1361.36775	83.00000	329.47016	9.82292	4.33866	383.00000	1429.45833	1485.38988	760.62057	0.92061	3.68672	0.00270	0.00000	0.15221	0.09558	2024-04-17T18:45:39Z
a551475-4501047-031026-128_D02.CEL	89.00000	386.38399	2.91769	1.80380	231.00000	696.95890	697.92473	1150.76812	77.00000	286.56137	8.24929	4.20233	340.00000	1204.22467	1248.13542	695.89716	0.90878	3.61021	0.00189	0.00000	0.15505	0.08327	2024-04-17T18:45:06Z
a551475-4501047-031026-128_D03.CEL	89.00000	404.99755	3.26076	1.94760	270.00000	788.77140	787.56129	1404.88587	85.00000	320.30011	9.74031	4.60186	394.00000	1473.97631	1530.72917	790.10165	0.93750	3.75669	0.00308	0.00000	0.14171	0.06642	2024-04-17T18:44:31Z
a551475-4501047-031026-128_D04.CEL	87.00000	399.02042	3.15563	1.79375	219.00000	715.74381	709.84194	1136.04167	70.00000	282.90315	9.33127	4.24019	315.00000	1199.56209	1251.73958	722.23168	0.91554	3.61112	0.00219	0.00000	0.14783	0.08351	2024-04-17T18:43:41Z
a551475-4501047-031026-128_D05.CEL	101.00000	443.35539	3.42786	1.95773	292.00000	867.97185	866.09355	1563.61413	95.00000	353.98818	9.39924	4.68417	470.00000	1658.13971	1735.78571	870.03664	0.92736	3.60265	0.00408	0.00000	0.13973	0.08160	2024-04-17T18:43:07Z
a551475-4501047-031026-128_D06.CEL	94.00000	419.80474	3.05284	1.80184	237.00000	756.42230	749.66559	1248.39130	84.00000	323.16441	9.29546	4.09901	345.00000	1324.65278	1387.29613	763.84988	0.91216	3.58102	0.00239	0.00000	0.15287	0.09110	2024-04-17T18:42:32Z
a551475-4501047-031026-128_D07.CEL	77.00000	360.42892	2.97015	1.86450	223.00000	672.01914	668.50753	1153.48551	77.00000	285.64077	10.28259	4.22877	296.00000	1207.90850	1252.61310	675.87943	0.93919	3.78033	0.00203	0.00000	0.15737	0.08768	2024-04-17T18:41:58Z
a551475-4501047-031026-128_D08.CEL	80.00000	351.09069	2.99505	1.83007	210.00000	642.51971	636.75699	1059.76449	64.00000	252.66104	9.10779	4.40825	293.00000	1113.79412	1158.17560	648.85461	0.92905	3.69489	0.00171	0.00000	0.16643	0.10033	2024-04-17T18:41:24Z
a551475-4501047-031026-128_D09.CEL	90.00000	412.35539	3.35395	1.85355	245.00000	764.31982	759.87204	1305.93478	79.00000	311.05743	9.27265	4.44286	378.00000	1381.98529	1444.45536	769.20922	0.92230	3.64325	0.00252	0.00000	0.14597	0.08366	2024-04-17T18:40:50Z
a551475-4501047-031026-128_D10.CEL	80.00000	349.26389	2.90840	1.82169	202.00000	636.25225	638.44301	1086.76449	78.00000	285.50676	8.38466	3.97196	311.00000	1134.02206	1172.84077	633.84397	0.91723	3.59465	0.00185	0.00000	0.16633	0.09507	2024-04-17T18:40:15Z
a551475-4501047-031026-128_D11.CEL	101.00000	431.34804	3.12777	1.89175	270.00000	816.00338	815.46559	1404.61051	86.00000	339.41498	9.42649	4.39567	398.00000	1491.95752	1563.70685	816.59456	0.90372	3.42576	0.00307	0.00000	0.13940	0.07608	2024-04-17T18:39:40Z
a551475-4501047-031026-128_D12.CEL	81.00000	348.09804	2.85004	1.82740	217.00000	636.11599	638.07527	1069.07065	76.00000	284.27703	9.27680	3.95327	294.00000	1123.82516	1168.80208	633.96217	0.92905	3.61166	0.00181	0.00000	0.15006	0.08013	2024-04-17T18:39:05Z
a551475-4501047-031026-128_D13.CEL	92.00000	412.48611	3.33383	1.91293	255.00000	789.05856	785.76129	1371.67754	88.00000	332.89696	9.22841	4.29368	376.00000	1429.35458	1476.73214	792.68322	0.94257	3.77221	0.00249	0.00000	0.14790	0.07963	2024-04-17T18:38:30Z
a551475-4501047-031026-128_D14.CEL	88.00000	401.66503	3.01028	1.84739	249.00000	742.03153	734.46129	1235.30978	77.00000	292.96396	9.20626	4.45045	346.00000	1303.82190	1360.09970	750.35343	0.91723	3.59737	0.00220	0.00000	0.14353	0.07749	2024-04-17T18:37:55Z
a551475-4501047-031026-128_D15.CEL	74.00000	342.87663	3.07301	1.83465	201.00000	629.05856	625.71505	1029.61051	75.00000	277.76295	9.03043	3.88709	281.00000	1079.68954	1120.82589	632.73404	0.91554	3.53975	0.00180	0.00000	0.15895	0.07415	2024-04-17T18:37:21Z
a551475-4501047-031026-128_D16.CEL	62.00000	269.62663	2.84256	1.76979	150.00000	477.18131	474.18710	765.16667	65.00000	235.17962	9.44983	3.48141	190.00000	818.75735	862.77827	480.47281	0.89527	3.42650	0.00011	0.00000	0.13199	0.07886	2024-04-17T18:36:47Z
a551475-4501047-031026-128_D17.CEL	61.00000	269.77859	3.43102	1.94307	174.00000	524.19989	521.02043	843.88043	63.00000	227.93525	9.28569	3.87353	232.00000	882.91503	914.97917	527.69504	0.93581	3.77757	0.00011	0.00000	0.14123	0.07363	2024-04-17T18:36:13Z
a551475-4501047-031026-128_D18.CEL	88.00000	443.04739	3.45837	1.83984	252.00000	815.13570	813.33011	1012.36232	73.00000	379.54786	8.31354	2.76795	239.00000	1050.56781	1081.95089	817.12057	0.89189	3.48887	0.00011	0.00000	0.15957	0.07590	2024-04-17T18:35:38Z
a551475-4501047-031026-128_D19.CEL	94.00000	401.55964	3.19845	1.90670	254.00000	765.65484	761.43871	1321.79529	86.00000	322.70439	10.38296	4.27239	342.00000	1378.72059	1425.48065	770.28960	0.93243	3.63770	0.00260	0.00000	0.14268	0.07084	2024-04-17T18:35:04Z
a551475-4501047-031026-128_D20.CEL	94.00000	442.25899	3.07549	1.88183	287.00000	832.25676	822.36774	1412.13043	87.00000	329.78041	8.66487	4.53867	426.00000	1496.76471	1566.28571	843.12766	0.91723	3.56848	0.00311	0.00000	0.13381	0.06907	2024-04-17T18:34:30Z
a551475-4501047-031026-128_D21.CEL	88.00000	398.44771	2.66706	1.70060	203.00000	677.59910	673.76129	1071.60688	79.00000	298.44426	8.25119	3.76477	290.00000	1123.57516	1166.26339	681.81797	0.90709	3.46678	0.00210	0.00000	0.14048	0.08441	2024-04-17T18:33:56Z
a551475-4501047-031026-128_D22.CEL	86.00000	409.40114	3.32476	1.96654	275.00000	805.10191	802.20860	1420.89493	82.00000	320.51689	9.65458	4.62859	409.00000	1483.54167	1535.00149	808.28251	0.92736	3.64899	0.00295	0.00000	0.14734	0.07390	2024-04-17T18:33:21Z
a551475-4501047-031026-128_D23.CEL	105.00000	476.90686	3.42123	1.86453	275.00000	889.20777	885.66129	1536.54891	101.00000	380.40090	9.44514	4.28605	431.00000	1630.41748	1707.52381	893.10638	0.91385	3.50633	0.00430	0.00000	0.12829	0.06913	2024-04-17T18:32:31Z
a551475-4501047-031026-128_D24.CEL	114.00000	482.23366	2.89142	1.81112	280.00000	873.38345	875.37204	1530.53804	105.00000	384.83671	11.07246	4.22258	387.00000	1625.00490	1702.60268	871.19740	0.91892	3.57969	0.00349	0.00000	0.12877	0.07043	2024-04-17T18:31:57Z
a551475-4501047-031026-128_E01.CEL	90.00000	400.83824	3.53928	1.92246	236.00000	770.59572	768.17312	1350.23188	80.00000	312.76745	10.29018	4.48811	360.00000	1403.73611	1447.68601	773.25887	0.93243	3.76752	0.00242	0.00000	0.16012	0.08874	2024-04-17T18:46:13Z
a551475-4501047-031026-128_E02.CEL	97.00000	417.22794	3.13743	1.94891	290.00000	813.14077	811.47957	1439.86594	94.00000	335.44200	9.44102	4.55597	415.00000	1528.26307	1600.87500	814.96690	0.93243	3.71171	0.00302	0.00000	0.15126	0.07235	2024-04-17T18:46:49Z
a551475-4501047-031026-128_E03.CEL	72.00000	340.23938	3.28890	1.85475	202.00000	631.05968	628.01183	1048.26087	65.00000	251.78547	9.24304	4.32264	291.00000	1088.37745	1121.33036	634.41017	0.92061	3.71080	0.00176	0.00000	0.14514	0.08965	2024-04-17T18:47:24Z
a551475-4501047-031026-128_E04.CEL	97.00000	426.03595	3.09138	1.95280	289.00000	831.96115	828.38925	1461.20109	97.00000	328.83052	8.28697	4.68976	454.00000	1542.13725	1608.62054	835.88771	0.92905	3.62649	0.00351	0.00000	0.14431	0.07575	2024-04-17T18:47:58Z
a551475-4501047-031026-128_E05.CEL	86.00000	367.66095	3.00521	1.90166	230.00000	699.16610	694.10645	1175.82790	66.00000	270.02083	9.11238	4.56680	337.00000	1233.13072	1280.20089	704.72813	0.92736	3.66775	0.00193	0.00000	0.13675	0.07687	2024-04-17T18:48:32Z
a551475-4501047-031026-128_E06.CEL	89.00000	379.25327	2.99822	1.90501	257.00000	722.48086	722.54086	1307.69565	81.00000	299.36937	9.96606	4.54444	370.00000	1360.46487	1403.81101	722.41489	0.93581	3.78441	0.00248	0.00000	0.14026	0.07115	2024-04-17T18:49:06Z
a551475-4501047-031026-128_E07.CEL	100.00000	417.49510	3.04714	1.87801	251.00000	784.06025	779.02903	1322.90942	84.00000	318.68581	8.81517	4.36782	389.00000	1391.96324	1448.68601	789.59102	0.91047	3.56742	0.00263	0.00000	0.14692	0.07419	2024-04-17T18:49:42Z
a551475-4501047-031026-128_E08.CEL	81.00000	373.76879	2.96885	1.85198	236.00000	692.21227	685.77957	1172.58514	72.00000	279.33390	9.22242	4.43975	332.00000	1240.17157	1295.68899	699.28369	0.93412	3.66686	0.00210	0.00000	0.15968	0.08208	2024-04-17T18:50:16Z
a551475-4501047-031026-128_E09.CEL	97.00000	431.83007	3.20581	1.97512	304.00000	852.91441	845.54839	1485.73370	90.00000	342.62106	9.42613	4.59473	440.00000	1574.25000	1646.95982	861.01182	0.94932	3.85945	0.00356	0.00000	0.14647	0.06624	2024-04-17T18:50:50Z
a551475-4501047-031026-128_E10.CEL	97.00000	416.95997	2.62389	1.78295	240.00000	743.41723	738.77742	1186.94022	76.00000	298.28435	7.84855	4.19972	350.00000	1252.70997	1306.73512	748.51773	0.89527	3.36676	0.00224	0.00000	0.15542	0.08142	2024-04-17T18:51:24Z
a551475-4501047-031026-128_E11.CEL	88.00000	394.57190	2.61807	1.79810	247.00000	709.47917	706.32258	1157.11594	81.00000	290.08559	8.63205	4.19411	334.00000	1216.65196	1265.55655	712.94917	0.92399	3.63277	0.00197	0.00000	0.15642	0.08496	2024-04-17T18:52:14Z
a551475-4501047-031026-128_E12.CEL	80.00000	375.64379	2.90855	1.74947	210.00000	657.17624	649.91935	1055.08514	78.00000	285.07151	9.33091	3.90363	276.00000	1112.81291	1160.23214	665.15366	0.90372	3.46063	0.00182	0.00000	0.16765	0.08969	2024-04-17T18:52:48Z
a551475-4501047-031026-128_E13.CEL	95.00000	407.00408	2.84752	1.83707	249.00000	747.69595	739.40215	1250.32428	79.00000	306.67173	9.02374	4.31650	348.00000	1323.74837	1384.06101	756.81324	0.93919	3.73049	0.00215	0.00000	0.15015	0.08766	2024-04-17T18:53:22Z
a551475-4501047-031026-128_E14.CEL	97.00000	454.11356	2.76683	1.76852	261.00000	803.10980	796.11075	1350.03986	104.00000	368.91329	9.53966	3.87446	356.00000	1429.34069	1494.48065	810.80378	0.89189	3.36126	0.00297	0.00000	0.14617	0.07350	2024-04-17T18:53:57Z
a551475-4501047-031026-128_E15.CEL	89.00000	383.85866	2.56269	1.76530	227.00000	677.62613	674.04086	1095.84058	75.00000	282.09122	9.01114	4.09302	310.00000	1154.60376	1202.87351	681.56738	0.92230	3.61570	0.00179	0.00000	0.15610	0.08184	2024-04-17T18:54:32Z
a551475-4501047-031026-128_E16.CEL	64.00000	299.44608	2.88345	1.75591	165.00000	525.79899	520.52581	638.16304	54.00000	195.38851	8.55652	3.39702	168.00000	663.73856	684.74702	531.59574	0.91385	3.49195	0.00010	0.00000	0.15965	0.07675	2024-04-17T18:55:06Z
a551475-4501047-031026-128_E17.CEL	79.00000	328.02206	2.99995	1.86087	208.00000	610.40709	604.96989	741.76993	56.00000	201.49099	9.63406	3.88136	197.00000	782.05882	815.15327	616.38416	0.92061	3.64480	0.00010	0.00000	0.13438	0.07451	2024-04-17T18:55:41Z
a551475-4501047-031026-128_E18.CEL	103.00000	454.16667	2.75341	1.78118	264.00000	808.95214	799.82796	877.79710	76.00000	294.56644	7.61106	3.17770	248.00000	936.04412	983.88988	818.98227	0.89696	3.44986	0.00010	0.00000	0.13872	0.07132	2024-04-17T18:56:15Z
a551475-4501047-031026-128_E19.CEL	101.00000	453.73775	2.84451	1.81857	276.00000	825.15372	820.14194	1355.62319	89.00000	343.15259	9.24328	4.17242	385.00000	1431.77696	1494.33185	830.66312	0.93243	3.61086	0.00276	0.00000	0.14486	0.08071	2024-04-17T18:56:50Z
a551475-4501047-031026-128_E20.CEL	97.00000	434.32026	2.74489	1.81337	269.00000	787.58164	776.62796	1290.80435	87.00000	326.84065	8.60585	4.20072	373.00000	1372.96487	1440.45387	799.62293	0.91216	3.51753	0.00250	0.00000	0.16035	0.07844	2024-04-17T18:57:25Z
a551475-4501047-031026-128_E21.CEL	99.00000	457.43791	3.20324	1.91225	296.00000	874.73761	874.38172	1514.21920	98.00000	359.27759	8.81872	4.43747	458.00000	1594.28186	1660.04762	875.12884	0.93412	3.71226	0.00371	0.00000	0.14573	0.06391	2024-04-17T18:57:59Z
a551475-4501047-031026-128_E22.CEL	87.00000	394.21814	3.07375	1.88117	252.00000	741.59234	739.42258	1220.53623	70.00000	287.11036	9.16796	4.47540	348.00000	1284.93382	1337.83185	743.97754	0.91047	3.57146	0.00226	0.00000	0.14999	0.08991	2024-04-17T18:58:34Z
a551475-4501047-031026-128_E23.CEL	96.00000	439.55229	3.11978	1.81684	241.00000	798.59516	785.78280	1323.86594	86.00000	332.97128	9.53114	4.19681	360.00000	1397.41667	1457.83333	812.67967	0.91216	3.56502	0.00251	0.00000	0.14305	0.08640	2024-04-17T18:59:23Z
a551475-4501047-031026-128_E24.CEL	98.00000	417.53023	2.77313	1.79143	248.00000	747.97635	745.42473	1325.47283	91.00000	343.20101	9.72421	4.05466	358.00000	1391.56373	1445.85268	750.78132	0.93243	3.65295	0.00231	0.00000	0.15209	0.07970	2024-04-17T18:59:57Z
a551475-4501047-031026-128_F01.CEL	95.00000	423.11520	2.94126	1.82441	255.00000	771.93581	773.76667	1309.70290	86.00000	333.03716	10.59074	4.19707	342.00000	1397.78023	1470.12946	769.92317	0.91723	3.68056	0.00275	0.00000	0.16265	0.09916	2024-04-17T19:14:04Z
a551475-4501047-031026-128_F02.CEL	85.00000	387.68954	2.91561	1.83714	237.00000	712.24099	709.41075	1201.15217	78.00000	298.04223	9.19381	4.28008	341.00000	1275.64461	1336.83482	715.35225	0.91723	3.65985	0.00201	0.00000	0.15538	0.09480	2024-04-17T19:13:30Z
a551475-4501047-031026-128_F03.CEL	93.00000	415.28922	3.48112	2.00663	281.00000	833.33221	833.16559	1474.22283	87.00000	320.37444	9.40487	4.86386	443.00000	1558.25735	1627.28571	833.51537	0.92230	3.63900	0.00357	0.00000	0.15569	0.08378	2024-04-17T19:12:56Z
a551475-4501047-031026-128_F04.CEL	90.00000	398.91176	3.13257	1.95776	269.00000	780.97410	779.68710	1391.25362	92.00000	322.73423	9.43123	4.55354	406.00000	1469.58333	1533.92560	782.38889	0.93243	3.66163	0.00290	0.00000	0.16187	0.07043	2024-04-17T19:12:21Z
a551475-4501047-031026-128_F05.CEL	93.00000	436.63562	3.62417	1.94895	283.00000	850.98255	851.17742	1508.51993	90.00000	336.11092	9.10846	4.72552	457.00000	1588.29902	1653.83185	850.76832	0.92399	3.66665	0.00388	0.00000	0.15147	0.07682	2024-04-17T19:11:47Z
a551475-4501047-031026-128_F06.CEL	94.00000	417.80801	2.91080	1.82786	256.00000	763.69595	759.73226	1263.91304	80.00000	305.69200	9.41569	4.38991	367.00000	1341.95915	1406.06845	768.05319	0.93243	3.67299	0.00246	0.00000	0.14031	0.07277	2024-04-17T19:11:12Z
a551475-4501047-031026-128_F07.CEL	93.00000	404.25899	3.17234	1.99008	277.00000	804.50732	800.62043	1414.58877	89.00000	326.90315	9.64405	4.64093	408.00000	1517.13399	1601.36756	808.78014	0.93581	3.67328	0.00308	0.00000	0.15242	0.07176	2024-04-17T19:10:38Z
a551475-4501047-031026-128_F08.CEL	75.00000	339.92157	2.96982	1.81177	205.00000	615.85980	610.13763	1016.85326	60.00000	248.11768	8.89040	4.24271	276.00000	1052.69199	1082.13095	622.15012	0.91554	3.65626	0.00165	0.00000	0.15296	0.08145	2024-04-17T19:10:03Z
a551475-4501047-031026-128_F09.CEL	88.00000	407.53431	3.04095	1.84372	245.00000	751.37725	744.75591	1227.11232	88.00000	307.58896	8.41082	4.25184	359.00000	1307.82026	1374.11607	758.65603	0.92568	3.65546	0.00235	0.00000	0.14515	0.07811	2024-04-17T19:09:29Z
a551475-4501047-031026-128_F10.CEL	95.00000	404.50245	3.13778	1.88070	253.00000	760.74887	753.03978	1263.57428	81.00000	308.62556	9.61997	4.37613	358.00000	1350.58660	1422.06101	769.22340	0.94088	3.67376	0.00255	0.00000	0.14094	0.07503	2024-04-17T19:08:54Z
a551475-4501047-031026-128_F11.CEL	94.00000	409.06454	3.50079	2.00147	275.00000	818.72917	815.25591	1452.39130	90.00000	336.87331	8.96947	4.58366	452.00000	1544.11275	1619.45536	822.54728	0.93581	3.71357	0.00328	0.00000	0.15885	0.06879	2024-04-17T19:08:20Z
a551475-4501047-031026-128_F12.CEL	94.00000	409.70016	2.99571	1.91325	277.00000	783.85811	776.11935	1336.31703	80.00000	300.90541	9.20182	4.73971	405.00000	1426.20343	1500.03869	792.36525	0.92230	3.61739	0.00240	0.00000	0.13786	0.07302	2024-04-17T19:07:43Z
a551475-4501047-031026-128_F13.CEL	94.00000	417.94036	2.96841	1.87127	268.00000	782.07770	779.72366	1315.01993	80.00000	310.01464	9.06153	4.45463	379.00000	1381.00082	1435.19940	784.66548	0.92399	3.65910	0.00264	0.00000	0.14283	0.06766	2024-04-17T19:06:52Z
a551475-4501047-031026-128_F14.CEL	88.00000	377.22712	3.19435	1.91325	237.00000	721.72804	717.54086	1261.78080	75.00000	286.47973	9.46678	4.58865	344.00000	1314.55556	1357.90625	726.33097	0.91047	3.53139	0.00223	0.00000	0.13979	0.08318	2024-04-17T19:06:16Z
a551475-4501047-031026-128_F15.CEL	87.00000	396.31291	2.96004	1.84315	243.00000	730.46396	731.24301	1257.18116	77.00000	309.66948	9.53856	4.27262	349.00000	1323.09967	1377.24702	729.60757	0.93412	3.66511	0.00249	0.00000	0.13499	0.07941	2024-04-17T19:05:41Z
a551475-4501047-031026-128_F16.CEL	47.00000	216.14461	2.88645	1.84360	137.00000	398.48367	396.82688	717.81884	60.00000	206.79842	9.59860	3.66102	190.00000	757.09395	789.35565	400.30496	0.92061	3.61628	0.00010	0.00000	0.15601	0.07732	2024-04-17T19:05:07Z
a551475-4501047-031026-128_F17.CEL	52.00000	236.43137	3.18016	1.88890	149.00000	446.59628	445.24086	791.21014	60.00000	217.59572	9.68517	3.84386	209.00000	836.40686	873.53274	448.08629	0.93412	3.74914	0.00010	0.00000	0.14827	0.08287	2024-04-17T19:04:32Z
a551475-4501047-031026-128_F18.CEL	84.00000	399.98448	2.79868	1.79202	246.00000	716.77928	713.35269	785.25543	58.00000	220.27928	9.15990	3.72579	214.00000	820.71487	849.84226	720.54610	0.92568	3.67793	0.00011	0.00000	0.14386	0.08657	2024-04-17T19:03:58Z
a551475-4501047-031026-128_F19.CEL	98.00000	419.31618	2.84185	1.87914	275.00000	787.95495	778.68280	1350.61413	93.00000	341.14696	9.38136	4.16864	382.00000	1422.11928	1480.85565	798.14775	0.93074	3.69534	0.00261	0.00000	0.14683	0.07229	2024-04-17T19:03:22Z
a551475-4501047-031026-128_F20.CEL	86.00000	412.19036	3.10431	1.84915	259.00000	762.20383	759.59247	1257.13043	80.00000	307.58615	8.27495	4.34486	370.00000	1336.41830	1401.54762	765.07447	0.91554	3.58393	0.00236	0.00000	0.14773	0.08812	2024-04-17T19:02:49Z
a551475-4501047-031026-128_F21.CEL	89.00000	424.74837	3.32575	1.79760	242.00000	763.52928	759.61935	1251.38225	78.00000	323.52646	9.38765	4.11461	351.00000	1331.18382	1396.73512	767.82742	0.92399	3.64311	0.00276	0.00000	0.13996	0.08048	2024-04-17T19:02:15Z
a551475-4501047-031026-128_F22.CEL	93.00000	421.78922	3.50418	1.91723	272.00000	808.66723	806.95269	1441.20833	88.00000	326.96453	10.33564	4.64833	402.00000	1519.83987	1584.43006	810.55201	0.93750	3.75071	0.00309	0.00000	0.13669	0.08674	2024-04-17T19:01:40Z
a551475-4501047-031026-128_F23.CEL	88.00000	407.74510	3.05996	1.86479	254.00000	760.35811	756.43763	1271.91667	92.00000	333.62669	10.20202	4.01048	317.00000	1338.00327	1392.28869	764.66785	0.91554	3.55395	0.00253	0.00000	0.14387	0.07086	2024-04-17T19:01:05Z
a551475-4501047-031026-128_F24.CEL	98.00000	432.37990	2.91818	1.81572	259.00000	785.08052	780.31828	1296.38949	90.00000	351.11092	8.98984	3.91573	373.00000	1374.85621	1439.31101	790.31560	0.90878	3.52275	0.00245	0.00000	0.15066	0.08826	2024-04-17T19:00:31Z
a551475-4501047-031026-128_G01.CEL	90.00000	399.52369	3.36958	1.86017	232.00000	743.18074	741.37634	1315.15217	84.00000	320.30968	9.03412	4.36084	404.00000	1396.81944	1463.90327	745.16430	0.94088	3.78379	0.00260	0.00000	0.14973	0.09306	2024-04-17T19:14:38Z
a551475-4501047-031026-128_G02.CEL	89.00000	394.18709	2.91038	1.80672	230.00000	712.18412	708.30860	1227.74275	78.00000	295.13288	9.39880	4.35017	347.00000	1283.87745	1329.98810	716.44444	0.94088	3.73224	0.00213	0.00000	0.13380	0.08108	2024-04-17T19:15:13Z
a551475-4501047-031026-128_G03.CEL	87.00000	391.98529	3.41182	1.93784	249.00000	759.60360	758.43011	1284.37681	74.00000	298.61205	9.90728	4.53060	346.00000	1352.89052	1409.16964	760.89362	0.91554	3.56302	0.00238	0.00000	0.14454	0.07432	2024-04-17T19:15:48Z
a551475-4501047-031026-128_G04.CEL	73.00000	336.10376	2.94102	1.91210	226.00000	642.66441	639.99462	1090.12862	60.00000	237.15541	8.34266	4.79833	326.00000	1137.94935	1177.23065	645.59929	0.93412	3.76904	0.00185	0.00000	0.13960	0.08026	2024-04-17T19:16:22Z
a551475-4501047-031026-128_G05.CEL	70.00000	316.91503	3.03057	1.89910	201.00000	601.85417	597.88172	940.25543	61.00000	226.65090	9.48909	4.35849	241.00000	987.85458	1026.95387	606.22104	0.92230	3.59710	0.00175	0.00000	0.16156	0.09337	2024-04-17T19:16:56Z
a551475-4501047-031026-128_G06.CEL	87.00000	371.53758	2.13209	1.77347	227.00000	658.91160	657.55054	1078.65942	83.00000	294.41892	6.53311	3.88912	328.00000	1145.03105	1199.55060	660.40780	0.88682	3.35795	0.00128	0.00000	0.24266	0.15865	2024-04-17T19:17:31Z
a551475-4501047-031026-128_G07.CEL	77.00000	355.62990	3.08875	1.93268	236.00000	687.32038	683.70108	1166.37319	66.00000	262.81813	8.43322	4.66475	357.00000	1225.97958	1274.94196	691.29905	0.92905	3.70732	0.00200	0.00000	0.14699	0.08152	2024-04-17T19:18:35Z
a551475-4501047-031026-128_G08.CEL	84.00000	365.49755	2.16155	1.72673	214.00000	631.11486	628.05699	1009.66486	80.00000	281.30068	6.73189	3.81342	294.00000	1072.71650	1124.50893	634.47636	0.87500	3.26678	0.00199	0.00000	0.22619	0.10993	2024-04-17T19:19:09Z
a551475-4501047-031026-128_G09.CEL	81.00000	390.15768	3.02725	1.89603	254.00000	739.75225	732.30430	1248.15036	75.00000	293.25282	8.02909	4.55832	382.00000	1336.73938	1409.50893	747.93972	0.93581	3.72416	0.00275	0.00000	0.16597	0.09846	2024-04-17T19:19:45Z
a551475-4501047-031026-128_G10.CEL	83.00000	378.13644	3.30876	1.92116	244.00000	726.45890	726.68172	1247.81159	81.00000	302.13682	9.08788	4.36650	359.00000	1319.27941	1377.98512	726.21395	0.92230	3.64152	0.00236	0.00000	0.17768	0.08297	2024-04-17T19:20:19Z
a551475-4501047-031026-128_G11.CEL	86.00000	393.02614	2.91314	1.85472	253.00000	728.95158	723.51613	1214.58333	75.00000	293.64640	8.41815	4.38227	367.00000	1286.83660	1346.18750	734.92671	0.92399	3.61046	0.00218	0.00000	0.14596	0.07039	2024-04-17T19:20:53Z
a551475-4501047-031026-128_G12.CEL	81.00000	374.45997	2.35231	1.66517	196.00000	623.54110	617.46129	940.22464	74.00000	266.99831	8.09404	3.75458	250.00000	1002.46732	1053.59524	630.22459	0.88514	3.30639	0.00170	0.00000	0.15965	0.07595	2024-04-17T19:21:27Z
a551475-4501047-031026-128_G13.CEL	84.00000	381.28023	2.82703	1.79725	229.00000	685.25619	680.74301	1135.90036	84.00000	300.07601	9.10820	3.99630	303.00000	1199.19281	1251.18304	690.21749	0.92061	3.52026	0.00220	0.00000	0.15393	0.06410	2024-04-17T19:22:02Z
a551475-4501047-031026-128_G14.CEL	84.00000	386.17075	2.38239	1.70246	219.00000	657.44088	653.73118	1022.91486	72.00000	276.59797	7.60232	3.91358	286.00000	1082.48856	1131.42411	661.51891	0.89865	3.41718	0.00182	0.00000	0.14817	0.07210	2024-04-17T19:22:36Z
a551475-4501047-031026-128_G15.CEL	89.00000	425.53840	3.41646	1.95891	280.00000	833.59065	829.60108	1451.95290	98.00000	341.09910	9.99108	4.48214	406.00000	1528.85458	1592.02381	837.97636	0.93581	3.62900	0.00349	0.00000	0.14750	0.06124	2024-04-17T19:23:10Z
a551475-4501047-031026-128_G16.CEL	92.00000	380.90441	1.43033	1.53132	166.00000	583.28716	575.66559	634.52174	72.00000	238.75845	5.36737	2.94950	175.00000	704.21895	761.47024	591.66548	0.75676	2.68081	0.00010	0.00000	0.13742	0.07812	2024-04-17T19:23:45Z
a551475-4501047-031026-128_G17.CEL	92.00000	413.63889	2.79553	1.81508	255.00000	750.78604	742.72043	841.35870	66.00000	245.27365	8.78825	3.65111	223.00000	895.52206	940.01339	759.65248	0.90372	3.46103	0.00010	0.00000	0.14474	0.07982	2024-04-17T19:24:20Z
a551475-4501047-031026-128_G18.CEL	83.00000	370.81618	2.52440	1.70027	192.00000	630.48930	622.85806	625.74638	57.00000	208.23311	8.21437	3.23306	157.00000	673.23039	712.23512	638.87825	0.89865	3.41530	0.00010	0.00000	0.15154	0.08332	2024-04-17T19:25:09Z
a551475-4501047-031026-128_G19.CEL	102.00000	476.79248	3.37302	1.90615	300.00000	908.83615	901.93118	1530.98732	91.00000	355.86599	9.28282	4.59167	458.00000	1634.02042	1718.65476	916.42671	0.92736	3.60543	0.00373	0.00000	0.12882	0.07243	2024-04-17T19:25:43Z
a551475-4501047-031026-128_G20.CEL	97.00000	443.31699	3.01708	1.87223	274.00000	829.99043	825.94624	1413.30435	90.00000	358.70495	9.00972	4.16136	397.00000	1492.69935	1557.91667	834.43617	0.91385	3.51415	0.00339	0.00000	0.14592	0.06876	2024-04-17T19:26:18Z
a551475-4501047-031026-128_G21.CEL	86.00000	378.68627	2.89390	1.84368	231.00000	698.17568	693.41935	1154.07246	72.00000	295.86092	9.09052	4.07176	310.00000	1204.67484	1246.24107	703.40426	0.92399	3.60684	0.00192	0.00000	0.14433	0.08883	2024-04-17T19:26:52Z
a551475-4501047-031026-128_G22.CEL	87.00000	423.12990	3.44861	1.92772	266.00000	815.67624	809.60108	1413.19203	83.00000	359.74944	11.18318	4.13650	358.00000	1488.10376	1549.63839	822.35461	0.93581	3.66697	0.00302	0.00000	0.12749	0.06670	2024-04-17T19:27:25Z
a551475-4501047-031026-128_G23.CEL	98.00000	455.11193	3.21125	1.91912	298.00000	873.41329	873.05699	1532.97101	88.00000	393.44595	10.65775	4.12993	408.00000	1624.90441	1700.42113	873.80496	0.91723	3.61212	0.00398	0.00000	0.12465	0.07209	2024-04-17T19:27:59Z
a551475-4501047-031026-128_G24.CEL	87.00000	409.75000	2.69631	1.76234	241.00000	722.12050	720.20108	1226.63587	80.00000	338.90428	9.60906	3.75366	316.00000	1272.13235	1309.50446	724.23050	0.92061	3.60862	0.00217	0.00000	0.13975	0.08269	2024-04-17T19:28:34Z
a551475-4501047-031026-128_H01.CEL	85.00000	400.16993	3.54534	1.91444	242.00000	766.10135	768.05054	1367.92935	78.00000	316.14245	10.61673	4.54200	377.00000	1435.91912	1491.76786	763.95863	0.93243	3.76315	0.00282	0.00000	0.13264	0.08154	2024-04-17T19:42:49Z
a551475-4501047-031026-128_H02.CEL	106.00000	448.22222	3.44690	1.93323	282.00000	866.51464	865.29785	1531.03804	93.00000	357.96734	9.59673	4.52887	453.00000	1621.18709	1695.23810	867.85225	0.93074	3.68971	0.00372	0.00000	0.14014	0.07301	2024-04-17T19:42:14Z
a551475-4501047-031026-128_H03.CEL	77.00000	374.53840	3.55067	1.96214	248.00000	734.89640	729.49892	1206.42754	68.00000	270.59572	8.35937	4.71270	359.00000	1275.23693	1331.75893	740.82979	0.92399	3.65066	0.00197	0.00000	0.16164	0.09444	2024-04-17T19:41:39Z
a551475-4501047-031026-128_H04.CEL	86.00000	372.65359	3.02799	1.83031	219.00000	682.07264	674.05699	1113.53442	72.00000	276.91329	10.48145	4.27694	283.00000	1184.34069	1242.50298	690.88416	0.92736	3.67736	0.00186	0.00000	0.16136	0.09056	2024-04-17T19:40:51Z
a551475-4501047-031026-128_H05.CEL	97.00000	407.91095	3.18500	1.98740	288.00000	810.68018	808.06344	1432.01812	89.00000	321.28885	10.35411	4.72083	396.00000	1516.75163	1586.35417	813.55674	0.92568	3.67633	0.00338	0.00000	0.15128	0.07502	2024-04-17T19:40:16Z
a551475-4501047-031026-128_H06.CEL	78.00000	356.96895	2.81594	1.80228	216.00000	643.35811	638.46559	1068.43297	68.00000	266.20552	9.75831	4.24862	287.00000	1131.00735	1182.40774	648.73641	0.91385	3.61468	0.00170	0.00000	0.15786	0.09506	2024-04-17T19:39:42Z
a551475-4501047-031026-128_H07.CEL	92.00000	408.21242	3.25165	1.86252	244.00000	760.30518	758.68387	1346.42210	90.00000	326.61430	10.64458	4.39951	368.00000	1436.94281	1511.29911	762.08747	0.92736	3.64030	0.00277	0.00000	0.15523	0.08627	2024-04-17T19:39:07Z
a551475-4501047-031026-128_H08.CEL	91.00000	414.55310	3.06757	1.82880	247.00000	758.13457	755.30430	1291.09420	83.00000	315.28547	8.57435	4.27327	386.00000	1347.29984	1393.46875	761.24586	0.91385	3.63596	0.00220	0.00000	0.14800	0.08776	2024-04-17T19:38:33Z
a551475-4501047-031026-128_H09.CEL	104.00000	434.23121	3.29178	1.90971	269.00000	829.25507	827.25376	1473.32246	93.00000	352.48536	9.96580	4.43328	413.00000	1562.66503	1636.05357	831.45508	0.93074	3.62846	0.00330	0.00000	0.13918	0.06681	2024-04-17T19:37:45Z
a551475-4501047-031026-128_H10.CEL	100.00000	432.98693	3.08915	1.85682	271.00000	803.97973	801.81398	1343.91848	79.00000	307.24212	9.15776	4.59883	385.00000	1412.95343	1469.66071	806.36052	0.93074	3.71553	0.00270	0.00000	0.14736	0.08371	2024-04-17T19:37:10Z
a551475-4501047-031026-128_H11.CEL	81.00000	365.93709	2.86573	1.83072	223.00000	669.92793	665.41613	1109.28261	70.00000	267.35079	8.42914	4.38888	324.00000	1173.37092	1226.01488	674.88771	0.91554	3.55325	0.00133	0.00000	0.14961	0.08707	2024-04-17T19:36:36Z
a551475-4501047-031026-128_H12.CEL	74.00000	354.18791	2.96777	1.83988	228.00000	651.66160	650.20753	1095.11775	63.00000	256.71396	8.93631	4.52452	328.00000	1161.50735	1216.04167	653.26005	0.92736	3.63865	0.00181	0.00000	0.14123	0.08995	2024-04-17T19:36:02Z
a551475-4501047-031026-128_H13.CEL	94.00000	423.21487	3.50069	1.91710	265.00000	811.34403	809.33118	1396.22645	80.00000	319.57095	9.23665	4.59653	408.00000	1468.91830	1528.62946	813.55674	0.90709	3.57647	0.00294	0.00000	0.14009	0.07662	2024-04-17T19:35:28Z
a551475-4501047-031026-128_H14.CEL	93.00000	422.78431	3.51843	1.91486	265.00000	809.57320	803.52903	1381.69022	86.00000	336.78041	8.78893	4.36062	416.00000	1468.57108	1539.93750	816.21749	0.92736	3.59054	0.00291	0.00000	0.15361	0.07757	2024-04-17T19:34:53Z
a551475-4501047-031026-128_H15.CEL	88.00000	387.70343	3.17502	1.88625	245.00000	731.30687	728.85484	1273.75906	73.00000	293.01971	10.30454	4.58693	343.00000	1344.06046	1401.80804	734.00236	0.94426	3.86434	0.00238	0.00000	0.13649	0.07790	2024-04-17T19:34:19Z
a551475-4501047-031026-128_H16.CEL	85.00000	387.57435	3.28606	1.85104	226.00000	717.41667	706.74839	825.60326	64.00000	229.56532	9.75025	3.83663	229.00000	880.75735	926.06250	729.14421	0.92568	3.70275	0.00010	0.00000	0.14138	0.08138	2024-04-17T19:33:45Z
a551475-4501047-031026-128_H17.CEL	60.00000	262.43382	2.95934	1.86871	168.00000	490.41216	484.50538	801.20290	57.00000	230.01689	10.01267	3.74435	220.00000	861.26389	910.59970	496.90544	0.92905	3.70235	0.00010	0.00000	0.14216	0.06990	2024-04-17T19:33:11Z
a551475-4501047-031026-128_H18.CEL	74.00000	336.42075	3.00510	1.89046	226.00000	635.98874	637.87419	734.87500	51.00000	213.03491	9.85934	3.61644	188.00000	770.42729	799.63095	633.91608	0.93074	3.75994	0.00011	0.00000	0.11936	0.07599	2024-04-17T19:32:36Z
a551475-4501047-031026-128_H19.CEL	109.00000	488.75408	3.52907	1.90631	298.00000	931.71903	924.31183	1627.04167	101.00000	402.45495	9.71974	4.26894	465.00000	1718.05637	1792.81845	939.86170	0.92568	3.58298	0.00445	0.00000	0.13694	0.07315	2024-04-17T19:32:02Z
a551475-4501047-031026-128_H20.CEL	101.00000	453.46242	3.06806	1.87520	282.00000	850.33164	849.73656	1427.69565	83.00000	360.15315	8.15280	4.18201	442.00000	1506.16422	1570.62054	850.98582	0.92399	3.61024	0.00302	0.00000	0.13573	0.08316	2024-04-17T19:31:28Z
a551475-4501047-031026-128_H21.CEL	103.00000	442.98938	3.20310	1.87975	277.00000	832.71002	829.29462	1430.99457	87.00000	373.08052	9.36438	4.13002	402.00000	1540.82925	1631.05060	836.46454	0.92230	3.57276	0.00345	0.00000	0.13939	0.08325	2024-04-17T19:30:52Z
a551475-4501047-031026-128_H22.CEL	87.00000	415.32925	3.16587	1.81113	239.00000	752.21565	744.31720	1253.68659	81.00000	343.73818	9.18429	3.85019	346.00000	1323.45670	1380.76786	760.89835	0.93581	3.71739	0.00245	0.00000	0.13876	0.07879	2024-04-17T19:30:17Z
a551475-4501047-031026-128_H23.CEL	90.00000	440.87173	3.36044	1.90096	279.00000	838.07770	830.61290	1445.15761	80.00000	363.91385	9.40519	4.24426	411.00000	1544.54493	1626.18452	846.28369	0.93243	3.60593	0.00358	0.00000	0.12401	0.07094	2024-04-17T19:29:43Z
a551475-4501047-031026-128_H24.CEL	104.00000	444.82435	2.97156	1.82781	265.00000	813.05518	809.04516	1416.28986	96.00000	383.82038	9.22835	3.86036	375.00000	1481.68627	1535.40476	817.46336	0.90878	3.45975	0.00278	0.00000	0.13442	0.07570	2024-04-17T19:29:08Z
a551475-4501047-031026-128_I01.CEL	81.00000	406.23529	3.43619	1.94042	272.00000	788.26802	788.87527	1396.65761	80.00000	314.99437	10.09582	4.66359	400.00000	1469.00408	1528.43155	787.60047	0.93243	3.75264	0.00298	0.00000	0.14472	0.07971	2024-04-17T19:43:22Z
a551475-4501047-031026-128_I02.CEL	84.00000	397.24755	3.11234	1.83810	250.00000	730.18018	730.63978	1217.76087	70.00000	289.57545	10.94064	4.41365	316.00000	1278.08415	1327.63542	729.67494	0.93243	3.72682	0.00220	0.00000	0.13365	0.08037	2024-04-17T19:43:57Z
a551475-4501047-031026-128_I03.CEL	77.00000	364.58578	3.49191	2.01835	257.00000	735.86261	731.96989	1427.45109	80.00000	318.86149	9.77459	4.76210	413.00000	1518.45098	1593.20089	740.14184	0.93581	3.89754	0.00337	0.00000	0.14386	0.08478	2024-04-17T19:44:33Z
a551475-4501047-031026-128_I04.CEL	85.00000	386.69771	3.12690	1.84092	238.00000	711.87782	707.11290	1185.20833	69.00000	270.99493	9.02366	4.54778	341.00000	1232.42484	1271.20982	717.11584	0.93581	3.74411	0.00203	0.00000	0.15526	0.08622	2024-04-17T19:45:07Z
a551475-4501047-031026-128_I05.CEL	95.00000	399.98366	2.32460	1.85992	265.00000	743.93863	734.04946	1253.78261	92.00000	328.18750	5.98996	4.05607	430.00000	1331.15196	1394.70536	754.80969	0.89020	3.35054	0.00319	0.00000	0.24532	0.13976	2024-04-17T19:45:41Z
a551475-4501047-031026-128_I06.CEL	81.00000	338.88154	2.03894	1.78789	198.00000	605.88345	598.87312	916.58333	67.00000	248.48536	6.29245	3.90052	277.00000	969.22304	1012.46280	613.58983	0.87669	3.27069	0.00128	0.00000	0.25444	0.17191	2024-04-17T19:46:15Z
a551475-4501047-031026-128_I07.CEL	84.00000	394.61601	2.53865	1.85740	248.00000	732.96002	715.56237	1188.02899	82.00000	303.20101	7.06935	4.22141	367.00000	1279.93464	1355.42857	752.08511	0.89696	3.42209	0.00291	0.00000	0.24462	0.11986	2024-04-17T19:46:51Z
a551475-4501047-031026-128_I08.CEL	91.00000	432.07598	2.66084	1.78101	263.00000	769.53209	765.72366	1235.03261	85.00000	314.79505	8.05956	4.18334	361.00000	1316.89624	1384.14137	773.71868	0.89696	3.39390	0.00241	0.00000	0.14206	0.07809	2024-04-17T19:47:25Z
a551475-4501047-031026-128_I09.CEL	100.00000	423.08170	3.06339	1.94922	271.00000	824.67905	815.63333	1386.14493	90.00000	333.95214	7.64251	4.49190	445.00000	1500.08007	1593.66964	834.62293	0.90878	3.50922	0.00399	0.00000	0.19993	0.10095	2024-04-17T19:47:59Z
a551475-4501047-031026-128_I10.CEL	94.00000	407.05964	1.33012	1.52775	175.00000	621.88514	613.59032	833.87681	81.00000	274.00901	4.78967	3.25739	257.00000	892.55392	940.75298	631.00355	0.73818	2.56534	0.00187	0.00000	0.14895	0.07833	2024-04-17T19:48:33Z
a551475-4501047-031026-128_I11.CEL	75.00000	364.22222	3.01088	1.81114	225.00000	659.65822	654.96129	1053.01993	71.00000	270.35023	8.36570	4.12074	301.00000	1114.04412	1164.17113	664.82151	0.90541	3.47407	0.00189	0.00000	0.16661	0.07610	2024-04-17T19:49:09Z
a551475-4501047-031026-128_I12.CEL	94.00000	397.49428	0.61810	1.31289	147.00000	521.86655	511.87097	662.16848	93.00000	292.85360	3.35416	2.42759	174.00000	710.92729	750.97917	532.85461	0.46622	1.92961	0.00191	0.00000	0.22176	0.10381	2024-04-17T19:49:43Z
a551475-4501047-031026-128_I13.CEL	93.00000	397.07026	2.96230	1.90552	263.00000	756.62444	753.66989	1329.85326	77.00000	307.18300	9.05739	4.57656	396.00000	1405.84150	1468.26042	759.87234	0.92736	3.60853	0.00297	0.00000	0.16300	0.08908	2024-04-17T19:50:17Z
a551475-4501047-031026-128_I14.CEL	88.00000	403.69526	2.78033	1.74499	216.00000	704.44595	696.41505	1092.99094	77.00000	287.74493	7.90042	4.00752	315.00000	1153.14379	1202.55506	713.27423	0.88007	3.34157	0.00191	0.00000	0.16205	0.09210	2024-04-17T19:51:10Z
a551475-4501047-031026-128_I15.CEL	89.00000	386.68627	3.02190	1.84119	229.00000	711.96396	709.16022	1221.81159	83.00000	311.43187	9.25921	4.11315	345.00000	1280.96569	1329.55655	715.04610	0.92905	3.63561	0.00219	0.00000	0.17324	0.08560	2024-04-17T19:51:48Z
a551475-4501047-031026-128_I16.CEL	90.00000	390.43137	2.59811	1.79659	230.00000	701.44595	699.27957	1203.94384	86.00000	314.52759	9.06211	4.04398	323.00000	1271.94281	1327.79911	703.82742	0.89696	3.44357	0.00210	0.00000	0.14232	0.08687	2024-04-17T19:52:25Z
a551475-4501047-031026-128_I17.CEL	88.00000	393.91013	3.04770	1.86519	255.00000	734.71622	729.92796	809.61051	62.00000	224.46002	9.84690	3.81668	215.00000	856.69118	895.36458	739.97991	0.91216	3.63085	0.00011	0.00000	0.12994	0.06849	2024-04-17T19:53:00Z
a551475-4501047-031026-128_I18.CEL	91.00000	399.25163	2.55281	1.77836	231.00000	710.01126	705.84731	810.25000	61.00000	229.07489	8.16574	3.77312	226.00000	864.32680	908.74702	714.58865	0.88514	3.34733	0.00012	0.00000	0.14304	0.07505	2024-04-17T19:53:35Z
a551475-4501047-031026-128_I19.CEL	96.00000	410.47549	2.77374	1.84915	261.00000	759.02928	757.31828	1262.92210	85.00000	323.59854	8.34374	4.13247	362.00000	1337.26062	1398.32440	760.91017	0.91385	3.57046	0.00231	0.00000	0.15836	0.08058	2024-04-17T19:54:09Z
a551475-4501047-031026-128_I20.CEL	98.00000	417.15033	2.77650	1.78824	246.00000	745.96396	738.90000	1202.10870	85.00000	329.59234	7.61482	3.83038	348.00000	1262.46242	1312.03869	753.72931	0.90709	3.47610	0.00203	0.00000	0.14487	0.08425	2024-04-17T19:54:42Z
a551475-4501047-031026-128_I21.CEL	85.00000	402.81536	3.03598	1.84692	251.00000	743.96959	739.70430	1262.93841	81.00000	343.57658	8.18484	3.89233	380.00000	1337.31454	1398.40923	748.65839	0.92568	3.64526	0.00252	0.00000	0.13859	0.07621	2024-04-17T19:55:16Z
a551475-4501047-031026-128_I22.CEL	88.00000	416.66095	3.42355	1.97762	284.00000	823.99662	821.50430	1474.82246	77.00000	350.43131	9.84104	4.46423	419.00000	1564.40441	1637.98958	826.73641	0.92061	3.59692	0.00332	0.00000	0.13197	0.07230	2024-04-17T19:55:51Z
a551475-4501047-031026-128_I23.CEL	83.00000	387.15931	2.74367	1.74427	221.00000	675.31194	668.34301	1101.26268	78.00000	327.66160	8.53909	3.53689	296.00000	1158.90196	1206.24851	682.97281	0.91554	3.57567	0.00175	0.00000	0.15202	0.08182	2024-04-17T19:56:25Z
a551475-4501047-031026-128_I24.CEL	104.00000	461.61683	2.75380	1.78125	259.00000	822.25563	817.10000	1391.75181	91.00000	390.16104	8.98071	3.77197	388.00000	1471.67729	1537.33036	827.92317	0.91385	3.56349	0.00247	0.00000	0.12676	0.08267	2024-04-17T19:56:58Z
a551475-4501047-031026-128_J01.CEL	88.00000	414.77941	3.73707	1.91452	249.00000	794.10473	789.88387	1400.50000	86.00000	326.94032	8.68865	4.52944	430.00000	1480.85621	1546.86310	798.74468	0.93412	3.69005	0.00316	0.00000	0.14730	0.08299	2024-04-17T20:11:11Z
a551475-4501047-031026-128_J02.CEL	88.00000	401.24755	3.21817	1.85418	236.00000	743.98367	743.58280	1229.29167	82.00000	304.67511	9.00767	4.24329	359.00000	1292.82353	1345.01042	744.42435	0.92568	3.63422	0.00098	0.00000	0.15854	0.08870	2024-04-17T20:10:37Z
a551475-4501047-031026-128_J03.CEL	85.00000	399.36846	3.11485	1.90929	258.00000	762.51182	758.81398	1247.68841	73.00000	281.39527	8.76728	4.74015	368.00000	1333.85458	1404.63393	766.57683	0.91385	3.50560	0.00241	0.00000	0.14616	0.08920	2024-04-17T20:10:03Z
a551475-4501047-031026-128_J04.CEL	81.00000	373.17320	3.27012	1.96316	259.00000	732.59966	728.56129	1303.60870	75.00000	284.42117	8.99701	4.78958	392.00000	1362.25899	1410.43601	737.03901	0.93412	3.71409	0.00235	0.00000	0.15775	0.08688	2024-04-17T20:09:28Z
a551475-4501047-031026-128_J05.CEL	84.00000	405.67239	3.35716	1.91046	260.00000	775.01914	768.65806	1337.84783	76.00000	307.12556	10.03538	4.61062	372.00000	1416.03922	1480.26786	782.01182	0.92905	3.64943	0.00247	0.00000	0.14382	0.08406	2024-04-17T20:08:54Z
a551475-4501047-031026-128_J06.CEL	91.00000	404.63399	2.88362	1.87591	258.00000	759.05518	755.69032	1244.94022	86.00000	319.12613	7.54657	4.14410	383.00000	1322.49020	1386.19196	762.75414	0.91385	3.56999	0.00235	0.00000	0.19523	0.10150	2024-04-17T20:08:20Z
a551475-4501047-031026-128_J07.CEL	86.00000	396.71324	2.60015	1.88249	263.00000	746.80800	736.78065	1265.26268	76.00000	302.07939	6.99776	4.48351	413.00000	1354.37663	1427.57738	757.83097	0.91554	3.56202	0.00286	0.00000	0.20574	0.12782	2024-04-17T20:07:46Z
a551475-4501047-031026-128_J08.CEL	84.00000	365.63807	2.75529	1.81304	221.00000	662.91610	660.33441	1075.67935	75.00000	270.94313	9.03425	4.21340	312.00000	1141.59314	1195.73661	665.75414	0.92230	3.65552	0.00186	0.00000	0.16585	0.09638	2024-04-17T20:07:12Z
a551475-4501047-031026-128_J09.CEL	86.00000	368.12173	2.33335	1.80949	247.00000	666.11374	668.22903	1133.93297	80.00000	296.31194	6.96985	4.08036	371.00000	1209.05964	1270.77083	663.78842	0.91385	3.53974	0.00236	0.00000	0.25015	0.13309	2024-04-17T20:06:37Z
a551475-4501047-031026-128_J10.CEL	88.00000	414.07843	3.41208	1.91816	262.00000	794.26745	786.93548	1363.00181	79.00000	305.51126	9.46617	4.67614	396.00000	1428.61193	1482.50595	802.32742	0.93919	3.74849	0.00274	0.00000	0.14634	0.07720	2024-04-17T20:06:03Z
a551475-4501047-031026-128_J11.CEL	85.00000	387.28350	3.23319	1.82941	226.00000	708.50000	703.33763	1196.17935	76.00000	291.61374	9.02817	4.35469	344.00000	1269.88807	1330.43452	714.17494	0.91723	3.56083	0.00211	0.00000	0.15845	0.08623	2024-04-17T20:05:29Z
a551475-4501047-031026-128_J12.CEL	89.00000	418.08742	3.01892	1.89147	286.00000	790.79786	785.27849	1354.47826	82.00000	315.22748	9.89467	4.55278	379.00000	1435.16176	1501.43750	796.86525	0.92061	3.60128	0.00278	0.00000	0.15631	0.08220	2024-04-17T20:04:54Z
a551475-4501047-031026-128_J13.CEL	89.00000	385.77288	2.81382	1.78108	225.00000	687.09403	681.22043	1142.03442	76.00000	281.19313	8.69907	4.27953	322.00000	1203.37500	1253.76190	693.55083	0.91892	3.65380	0.00196	0.00000	0.13463	0.07925	2024-04-17T20:04:05Z
a551475-4501047-031026-128_J14.CEL	88.00000	388.38889	2.66360	1.82313	240.00000	708.08446	700.30968	1170.10145	73.00000	291.60023	8.27901	4.27188	342.00000	1245.68137	1307.76488	716.63121	0.92568	3.68965	0.00249	0.00000	0.22517	0.13684	2024-04-17T20:03:31Z
a551475-4501047-031026-128_J15.CEL	89.00000	415.69771	3.08346	1.85051	250.00000	769.25113	761.55269	1241.32971	74.00000	292.98986	8.77283	4.48472	365.00000	1313.97712	1373.65179	777.71395	0.91216	3.56097	0.00239	0.00000	0.14723	0.07821	2024-04-17T20:02:58Z
a551475-4501047-031026-128_J16.CEL	87.00000	394.70670	3.16686	1.90832	260.00000	753.22691	755.35376	1305.48551	83.00000	306.80011	9.95162	4.50282	368.00000	1381.46487	1443.87649	750.88889	0.92061	3.62384	0.00246	0.00000	0.16418	0.09419	2024-04-17T20:02:23Z
a551475-4501047-031026-128_J17.CEL	68.00000	314.53268	3.18310	1.95935	220.00000	616.27815	612.16667	759.43659	54.00000	205.48423	9.44517	3.92992	208.00000	807.53758	847.04911	620.79787	0.91892	3.70330	0.00010	0.00000	0.15093	0.09142	2024-04-17T20:01:48Z
a551475-4501047-031026-128_J18.CEL	87.00000	371.89052	2.92489	1.93127	263.00000	718.22016	715.02258	900.88406	66.00000	238.63514	10.16579	4.00661	239.00000	956.11846	1001.48958	721.73522	0.92568	3.74481	0.00011	0.00000	0.16841	0.08363	2024-04-17T20:01:15Z
a551475-4501047-031026-128_J19.CEL	95.00000	410.80719	2.92920	1.83240	260.00000	752.76408	744.28280	1246.68116	75.00000	296.30743	9.90165	4.42285	333.00000	1310.52369	1362.96577	762.08747	0.90203	3.53961	0.00230	0.00000	0.14875	0.09302	2024-04-17T20:00:41Z
a551475-4501047-031026-128_J20.CEL	96.00000	441.00408	3.59240	1.95049	294.00000	860.17230	852.34731	1478.28261	79.00000	319.32939	10.32365	4.91967	433.00000	1570.99592	1647.15327	868.77423	0.93074	3.69950	0.00372	0.00000	0.16841	0.09730	2024-04-17T20:00:06Z
a551475-4501047-031026-128_J21.CEL	99.00000	455.26471	3.54436	1.95313	296.00000	889.19032	883.19462	1532.83514	101.00000	359.63570	9.09837	4.53281	466.00000	1630.16176	1710.10863	895.78132	0.93750	3.62941	0.00416	0.00000	0.15166	0.07366	2024-04-17T19:59:31Z
a551475-4501047-031026-128_J22.CEL	99.00000	436.24755	2.87380	1.86538	280.00000	813.76914	813.56022	1340.35507	83.00000	317.91385	8.46449	4.44156	405.00000	1412.03268	1470.91071	813.99882	0.92399	3.67207	0.00270	0.00000	0.13602	0.07958	2024-04-17T19:58:57Z
a551475-4501047-031026-128_J23.CEL	91.00000	453.42239	3.61383	1.92453	288.00000	872.62669	869.53871	1613.85145	92.00000	365.72297	9.42696	4.62215	468.00000	1690.42810	1753.33036	876.02128	0.92230	3.57721	0.00392	0.00000	0.14132	0.08695	2024-04-17T19:58:22Z
a551475-4501047-031026-128_J24.CEL	98.00000	449.67157	3.39963	1.89574	281.00000	852.46002	845.05914	1500.83333	101.00000	386.88626	9.68075	4.12837	428.00000	1597.20997	1676.37649	860.59574	0.92736	3.62129	0.00392	0.00000	0.16995	0.09205	2024-04-17T19:57:49Z
a551475-4501047-031026-128_K01.CEL	86.00000	416.07516	3.43396	1.88438	244.00000	784.04561	778.26022	1330.02174	82.00000	319.57489	10.42509	4.34466	349.00000	1388.44363	1436.43304	790.40544	0.92230	3.61318	0.00258	0.00000	0.15538	0.08896	2024-04-17T20:11:45Z
a551475-4501047-031026-128_K02.CEL	86.00000	427.30147	3.47508	1.92236	266.00000	821.42849	812.35484	1439.10145	94.00000	341.57320	8.81090	4.43116	433.00000	1513.56618	1574.73363	831.40307	0.92905	3.61286	0.00281	0.00000	0.14651	0.08063	2024-04-17T20:12:19Z
a551475-4501047-031026-128_K03.CEL	75.00000	363.84395	2.99353	1.86541	224.00000	678.71847	675.46237	1098.74819	67.00000	269.53829	6.89032	4.37864	361.00000	1180.21242	1247.12946	682.29787	0.90709	3.46711	0.00108	0.00000	0.18479	0.12049	2024-04-17T20:12:53Z
a551475-4501047-031026-128_K04.CEL	93.00000	396.67892	2.63447	1.89532	261.00000	751.83446	753.29677	1223.69022	83.00000	307.43637	6.49425	4.23239	407.00000	1301.19199	1364.85417	750.22695	0.90034	3.29429	0.00125	0.00000	0.24960	0.16214	2024-04-17T20:13:27Z
a551475-4501047-031026-128_K05.CEL	82.00000	353.77124	2.27575	1.86893	235.00000	661.17286	653.93333	1112.10507	72.00000	270.67230	6.49439	4.37980	356.00000	1185.49101	1245.77232	669.13121	0.90878	3.52740	0.00246	0.00000	0.23577	0.14365	2024-04-17T20:14:02Z
a551475-4501047-031026-128_K06.CEL	89.00000	384.30637	3.01919	1.91832	240.00000	737.22410	730.92688	1231.68116	74.00000	302.04561	7.39381	4.29414	370.00000	1297.02614	1350.70238	744.14657	0.91047	3.48045	0.00198	0.00000	0.21072	0.11562	2024-04-17T20:14:36Z
a551475-4501047-031026-128_K07.CEL	92.00000	390.34804	2.20141	1.76100	226.00000	687.40259	669.86237	1077.37500	78.00000	292.26239	6.01343	3.96593	364.00000	1159.09232	1226.21726	706.68440	0.90034	3.42675	0.00191	0.00000	0.21423	0.12635	2024-04-17T20:15:10Z
a551475-4501047-031026-128_K08.CEL	94.00000	420.12337	2.43107	1.81650	251.00000	763.15484	760.54194	1257.37681	95.00000	334.67061	7.49761	4.02082	367.00000	1345.65033	1418.16071	766.02719	0.90372	3.34990	0.00302	0.00000	0.23080	0.11597	2024-04-17T20:15:44Z
a551475-4501047-031026-128_K09.CEL	80.00000	362.90768	2.31131	1.81605	242.00000	659.05687	655.82151	1121.41667	71.00000	274.65372	7.43183	4.35052	336.00000	1194.88644	1255.23661	662.61348	0.90878	3.52383	0.00235	0.00000	0.21876	0.13047	2024-04-17T20:16:19Z
a551475-4501047-031026-128_K10.CEL	91.00000	401.26634	2.08283	1.78460	250.00000	716.10023	704.21075	1188.74457	83.00000	316.78941	6.24751	3.98533	389.00000	1262.51062	1323.10417	729.17021	0.87838	3.24575	0.00126	0.00000	0.25127	0.17294	2024-04-17T20:16:53Z
a551475-4501047-031026-128_K11.CEL	94.00000	393.22549	3.39839	1.94040	247.00000	763.01295	761.04194	1348.90761	87.00000	322.24268	8.93976	4.37721	393.00000	1410.52288	1461.13542	765.17967	0.92568	3.55646	0.00264	0.00000	0.14822	0.06813	2024-04-17T20:17:27Z
a551475-4501047-031026-128_K12.CEL	85.00000	402.35049	2.78994	1.77048	229.00000	712.35417	713.44839	1132.60326	83.00000	293.19144	9.31120	4.11634	278.00000	1206.87663	1267.88690	711.15130	0.89865	3.38779	0.00211	0.00000	0.16349	0.09139	2024-04-17T20:18:00Z
a551475-4501047-031026-128_K13.CEL	86.00000	393.93382	2.65154	1.80008	251.00000	709.11205	704.63333	1155.21920	78.00000	290.74606	8.28381	4.19750	336.00000	1220.40523	1273.95089	714.03546	0.91385	3.59104	0.00198	0.00000	0.15062	0.08326	2024-04-17T20:18:35Z
a551475-4501047-031026-128_K14.CEL	96.00000	424.01634	1.18770	1.44573	155.00000	613.01464	607.55699	833.86957	107.00000	333.17399	4.15707	2.77440	226.00000	924.35703	998.68601	619.01418	0.57095	2.16049	0.00231	0.00000	0.17356	0.07715	2024-04-17T20:19:09Z
a551475-4501047-031026-128_K15.CEL	82.00000	400.41748	3.37626	1.90163	257.00000	761.44764	758.48172	1325.24457	79.00000	303.88795	10.72208	4.55836	347.00000	1385.23203	1434.50744	764.70804	0.93074	3.65895	0.00286	0.00000	0.14741	0.07750	2024-04-17T20:19:44Z
a551475-4501047-031026-128_K16.CEL	57.00000	227.75899	0.72000	1.35769	76.00000	309.22635	306.66989	397.49275	62.00000	192.46903	3.40792	2.32432	118.00000	447.35866	488.31994	312.03664	0.53041	2.05210	0.00010	0.00000	0.15948	0.08054	2024-04-17T20:20:18Z
a551475-4501047-031026-128_K17.CEL	57.00000	257.93627	3.18886	1.94863	173.00000	502.62162	501.73011	674.91486	44.00000	175.56081	8.93925	4.09071	193.00000	718.16830	753.69792	503.60165	0.94088	3.80168	0.00010	0.00000	0.13875	0.08320	2024-04-17T20:20:54Z
a551475-4501047-031026-128_K18.CEL	90.00000	403.98775	3.10730	1.82342	234.00000	736.63908	730.58172	771.01630	60.00000	228.31081	8.51119	3.60425	213.00000	822.88971	865.50000	743.29787	0.90541	3.44946	0.00010	0.00000	0.15145	0.07812	2024-04-17T20:21:28Z
a551475-4501047-031026-128_K19.CEL	95.00000	423.52533	2.71786	1.79809	258.00000	761.53547	759.76452	1231.24275	81.00000	310.41610	8.91029	4.17593	345.00000	1296.27533	1349.69494	763.48227	0.90878	3.58686	0.00231	0.00000	0.15040	0.08046	2024-04-17T20:22:02Z
a551475-4501047-031026-128_K20.CEL	96.00000	445.41340	3.17709	1.94166	300.00000	864.84065	859.11183	1499.33696	96.00000	354.23986	9.74037	4.47674	428.00000	1585.83905	1656.89435	871.13830	0.92399	3.62339	0.00389	0.00000	0.14363	0.06881	2024-04-17T20:22:36Z
a551475-4501047-031026-128_K21.CEL	90.00000	403.06127	3.15774	1.95304	272.00000	787.19369	790.21505	1326.46739	78.00000	293.95045	9.11145	4.77315	391.00000	1403.06863	1465.99107	783.87234	0.92061	3.64387	0.00290	0.00000	0.14601	0.07517	2024-04-17T20:23:10Z
a551475-4501047-031026-128_K22.CEL	91.00000	399.28268	2.36547	1.72912	230.00000	690.40653	689.24086	1087.14312	74.00000	292.61824	7.76323	3.88786	309.00000	1137.66013	1179.15625	691.68794	0.89527	3.41501	0.00195	0.00000	0.16506	0.08624	2024-04-17T20:23:45Z
a551475-4501047-031026-128_K23.CEL	95.00000	442.50000	3.51007	1.98470	308.00000	878.22860	875.47634	1560.34058	98.00000	357.37050	9.61749	4.61363	454.00000	1648.77451	1721.41667	881.25414	0.92230	3.56890	0.00399	0.00000	0.14873	0.07364	2024-04-17T20:24:33Z
a551475-4501047-031026-128_K24.CEL	95.00000	420.06618	2.49832	1.66384	203.00000	698.92342	689.32903	1071.59420	85.00000	316.44257	8.73417	3.63669	282.00000	1150.80392	1215.86905	709.47045	0.91047	3.40800	0.00176	0.00000	0.16561	0.08936	2024-04-17T20:25:08Z
a551475-4501047-031026-128_L01.CEL	88.00000	387.03676	2.91296	1.85042	240.00000	716.17962	713.82258	1169.11413	82.00000	298.60191	7.88415	4.15374	346.00000	1240.31618	1298.80357	718.77069	0.91385	3.57475	0.00204	0.00000	0.15407	0.08045	2024-04-17T20:38:53Z
a551475-4501047-031026-128_L02.CEL	81.00000	372.97141	3.01437	1.87338	234.00000	698.71622	693.51613	1123.15580	69.00000	272.53829	9.09706	4.39199	324.00000	1196.98611	1257.63244	704.43262	0.91723	3.62275	0.00112	0.00000	0.16049	0.09607	2024-04-17T20:38:18Z
a551475-4501047-031026-128_L03.CEL	92.00000	412.63889	3.57564	1.97877	276.00000	816.51858	810.35376	1421.66304	85.00000	323.97691	9.27885	4.70891	429.00000	1525.57680	1610.93452	823.29551	0.93412	3.56898	0.00306	0.00000	0.15082	0.08150	2024-04-17T20:37:44Z
a551475-4501047-031026-128_L04.CEL	89.00000	365.19935	1.96896	1.80272	247.00000	658.35248	642.37849	988.95471	68.00000	262.13063	5.84295	4.12101	342.00000	1080.24183	1155.22768	675.91253	0.88007	3.32091	0.00137	0.00000	0.21880	0.15223	2024-04-17T20:37:09Z
a551475-4501047-031026-128_L05.CEL	80.00000	357.86438	1.70842	1.62605	174.00000	581.90372	573.92366	803.76087	77.00000	271.91610	4.52272	3.22341	248.00000	876.49592	936.24256	590.67612	0.78885	2.78213	0.00107	0.00000	0.27442	0.14401	2024-04-17T20:36:35Z
a551475-4501047-031026-128_L06.CEL	87.00000	401.92810	3.20908	1.88256	251.00000	756.65541	750.83333	1254.05797	73.00000	294.81306	8.22292	4.47240	394.00000	1318.52206	1371.47470	763.05556	0.91723	3.61000	0.00190	0.00000	0.14509	0.08779	2024-04-17T20:35:59Z
a551475-4501047-031026-128_L07.CEL	89.00000	385.77288	2.58530	1.89659	247.00000	731.65484	716.63118	1209.49638	78.00000	303.68581	7.15165	4.35099	377.00000	1321.33333	1413.19940	748.17021	0.90541	3.46164	0.00306	0.00000	0.25136	0.13887	2024-04-17T20:35:24Z
a551475-4501047-031026-128_L08.CEL	85.00000	393.70016	3.21779	1.93045	265.00000	760.01802	753.82151	1302.63768	70.00000	292.37782	9.74400	4.72118	366.00000	1380.36846	1444.21875	766.82979	0.91554	3.54268	0.00259	0.00000	0.15453	0.09059	2024-04-17T20:34:50Z
a551475-4501047-031026-128_L09.CEL	87.00000	369.38480	1.92845	1.77854	249.00000	656.96678	651.13011	1035.72283	75.00000	278.87782	5.75301	4.02445	362.00000	1122.33007	1193.47173	663.38298	0.90541	3.49330	0.00199	0.00000	0.24750	0.15488	2024-04-17T20:34:16Z
a551475-4501047-031026-128_L10.CEL	87.00000	391.88399	2.97647	1.89863	257.00000	744.04448	741.90753	1279.80616	81.00000	306.32320	9.75833	4.43454	353.00000	1358.40359	1422.96577	746.39362	0.91554	3.52938	0.00252	0.00000	0.16978	0.09746	2024-04-17T20:33:41Z
a551475-4501047-031026-128_L11.CEL	89.00000	379.37582	2.43435	1.84487	227.00000	699.90090	693.00000	1129.36957	76.00000	287.67624	6.34964	4.17086	378.00000	1199.85621	1257.75595	707.48700	0.91554	3.53661	0.00241	0.00000	0.24459	0.14899	2024-04-17T20:33:07Z
a551475-4501047-031026-128_L12.CEL	85.00000	386.89951	3.48757	1.98375	265.00000	767.51070	764.85376	1386.71377	72.00000	288.62275	10.27174	5.03733	391.00000	1453.88889	1509.06845	770.43144	0.92399	3.62682	0.00265	0.00000	0.15419	0.09902	2024-04-17T20:32:32Z
a551475-4501047-031026-128_L13.CEL	81.00000	380.65114	2.95623	1.87506	250.00000	713.74493	712.72581	1229.48007	81.00000	300.41273	9.38624	4.28699	343.00000	1287.86520	1335.82440	714.86525	0.93412	3.70183	0.00237	0.00000	0.17321	0.09638	2024-04-17T20:31:58Z
a551475-4501047-031026-128_L14.CEL	76.00000	364.41667	2.91066	1.87914	242.00000	684.78941	680.31720	1134.05435	68.00000	271.40090	8.16220	4.45354	338.00000	1208.69363	1270.00446	689.70567	0.91216	3.48207	0.00098	0.00000	0.17751	0.10090	2024-04-17T20:31:23Z
a551475-4501047-031026-128_L15.CEL	92.00000	415.89542	2.97307	1.89372	281.00000	787.59065	785.47957	1402.49275	89.00000	331.35360	9.60456	4.44239	400.00000	1472.00163	1529.09821	789.91135	0.92568	3.60072	0.00291	0.00000	0.14774	0.07794	2024-04-17T20:30:49Z
a551475-4501047-031026-128_L16.CEL	54.00000	242.91830	3.21195	1.89456	160.00000	460.22354	459.67849	759.32609	52.00000	196.92286	9.51376	4.02649	207.00000	792.90768	820.49256	460.82270	0.92905	3.71600	0.00010	0.00000	0.13786	0.08298	2024-04-17T20:30:14Z
a551475-4501047-031026-128_L17.CEL	89.00000	402.39869	3.17470	1.80364	220.00000	725.78041	721.82366	753.02899	62.00000	216.71002	9.60484	3.70520	196.00000	802.95343	843.96280	730.13002	0.92568	3.60721	0.00010	0.00000	0.15981	0.09263	2024-04-17T20:29:40Z
a551475-4501047-031026-128_L18.CEL	91.00000	403.69526	3.32003	1.92617	265.00000	777.58615	781.39032	1414.84420	86.00000	334.76351	9.42683	4.41332	406.00000	1477.41912	1528.81994	773.40426	0.93074	3.68548	0.00274	0.00000	0.14623	0.07803	2024-04-17T20:29:05Z
a551475-4501047-031026-128_L19.CEL	97.00000	451.87663	3.43947	1.92691	292.00000	870.72410	862.87419	1565.30254	99.00000	360.26295	10.45781	4.55962	419.00000	1642.66176	1706.20685	879.35343	0.93412	3.67489	0.00397	0.00000	0.14240	0.07387	2024-04-17T20:28:31Z
a551475-4501047-031026-128_L20.CEL	95.00000	414.22958	2.82464	1.80373	247.00000	747.15822	740.34086	1208.29167	78.00000	300.85191	8.08706	4.29590	366.00000	1292.43056	1361.54464	754.65248	0.89189	3.45637	0.00222	0.00000	0.14031	0.07878	2024-04-17T20:27:58Z
a551475-4501047-031026-128_L21.CEL	103.00000	452.46487	3.12962	1.86619	273.00000	844.38626	841.92581	1442.06341	86.00000	334.50225	9.58742	4.55625	405.00000	1524.07680	1591.44494	847.09102	0.91554	3.53031	0.00311	0.00000	0.15385	0.08888	2024-04-17T20:27:24Z
a551475-4501047-031026-128_L22.CEL	96.00000	429.60703	3.16093	1.91265	282.00000	821.68806	815.57634	1381.52899	91.00000	335.58446	8.96959	4.37775	404.00000	1469.10539	1541.04315	828.40662	0.91385	3.46422	0.00334	0.00000	0.14672	0.06926	2024-04-17T20:26:49Z
a551475-4501047-031026-128_L23.CEL	104.00000	462.66912	3.27464	1.89834	284.00000	878.30462	875.01828	1500.27174	92.00000	350.34628	9.90376	4.54997	427.00000	1594.06373	1671.10714	881.91726	0.92399	3.57122	0.00375	0.00000	0.14125	0.07192	2024-04-17T20:26:16Z
a551475-4501047-031026-128_L24.CEL	88.00000	419.97059	2.84985	1.79095	251.00000	752.14640	746.45376	1214.93116	85.00000	318.41047	9.19827	4.06968	326.00000	1295.82925	1362.28125	758.40426	0.89358	3.40922	0.00210	0.00000	0.13968	0.07639	2024-04-17T20:25:41Z
a551475-4501047-031026-128_M01.CEL	94.00000	373.90033	2.72917	1.90884	250.00000	713.71453	713.64731	1209.19928	69.00000	279.06532	8.85340	4.56601	349.00000	1274.21569	1327.62202	713.78842	0.92230	3.67847	0.00192	0.00000	0.14188	0.08770	2024-04-17T20:39:42Z
a551475-4501047-031026-128_M02.CEL	95.00000	442.56046	3.68696	1.97614	294.00000	874.56306	868.58710	1523.82971	89.00000	342.50113	10.47592	4.72321	428.00000	1617.70343	1694.81399	881.13239	0.92736	3.59527	0.00395	0.00000	0.15971	0.07085	2024-04-17T20:40:17Z
a551475-4501047-031026-128_M03.CEL	94.00000	419.08088	3.26845	1.95798	289.00000	820.55180	817.76237	1407.50362	77.00000	296.48423	9.08800	5.01723	428.00000	1487.53105	1553.26786	823.61820	0.92736	3.66966	0.00306	0.00000	0.13255	0.06527	2024-04-17T20:40:53Z
a551475-4501047-031026-128_M04.CEL	80.00000	369.35049	2.65530	1.81879	229.00000	671.77196	669.21398	1065.90942	70.00000	268.95946	7.12599	4.15645	335.00000	1117.91585	1160.63542	674.58392	0.91892	3.55346	0.00195	0.00000	0.20832	0.10332	2024-04-17T20:41:28Z
a551475-4501047-031026-128_M05.CEL	89.00000	359.39624	2.07213	1.81118	241.00000	650.92962	644.76667	1048.79529	67.00000	268.07320	6.24183	4.17256	337.00000	1118.55147	1175.85119	657.70449	0.90541	3.55782	0.00193	0.00000	0.22138	0.13015	2024-04-17T20:42:02Z
a551475-4501047-031026-128_M06.CEL	96.00000	438.02614	3.26440	1.92994	284.00000	845.36318	844.55376	1493.53986	93.00000	345.81137	7.51275	4.58250	502.00000	1584.68137	1659.54762	846.25296	0.93074	3.69974	0.00412	0.00000	0.21771	0.11339	2024-04-17T20:42:37Z
a551475-4501047-031026-128_M07.CEL	93.00000	404.89379	2.05426	1.79760	268.00000	727.83615	718.72366	1206.07971	86.00000	306.35135	6.47779	4.12985	391.00000	1265.18627	1313.73810	737.85343	0.90709	3.51779	0.00257	0.00000	0.23253	0.13161	2024-04-17T20:43:12Z
a551475-4501047-031026-128_M08.CEL	100.00000	434.56209	1.84522	1.61531	202.00000	701.95214	690.75591	1048.22464	97.00000	324.66779	5.46675	3.58034	316.00000	1162.42157	1256.22619	714.26005	0.78716	2.80512	0.00281	0.00000	0.15037	0.07680	2024-04-17T20:43:46Z
a551475-4501047-031026-128_M09.CEL	92.00000	403.06373	2.22621	1.87559	292.00000	755.98423	746.32366	1298.93297	90.00000	328.02252	5.67585	4.27533	469.00000	1402.40359	1487.39732	766.60402	0.89865	3.46382	0.00348	0.00000	0.26680	0.14729	2024-04-17T20:44:21Z
a551475-4501047-031026-128_M10.CEL	86.00000	399.94935	3.17543	1.87188	236.00000	748.65822	744.26559	1262.05435	76.00000	310.49887	8.79700	4.35498	357.00000	1352.21487	1426.27530	753.48700	0.91047	3.46322	0.00256	0.00000	0.14865	0.08811	2024-04-17T20:44:55Z
a551475-4501047-031026-128_M11.CEL	94.00000	406.41748	2.90460	1.86831	251.00000	759.31194	756.51075	1265.98007	76.00000	301.57601	7.53991	4.46840	417.00000	1347.56291	1414.57738	762.39125	0.92230	3.59010	0.00218	0.00000	0.15510	0.08767	2024-04-17T20:45:31Z
a551475-4501047-031026-128_M12.CEL	88.00000	405.77206	3.00968	1.82158	246.00000	739.14809	740.09140	1228.69022	81.00000	304.25338	9.70125	4.24471	320.00000	1291.46814	1343.03571	738.11111	0.91385	3.51207	0.00240	0.00000	0.16991	0.09049	2024-04-17T20:46:20Z
a551475-4501047-031026-128_M13.CEL	87.00000	394.47958	3.44310	2.01551	289.00000	795.07883	796.33763	1415.87319	74.00000	300.86205	9.44513	4.91326	418.00000	1478.21242	1529.41964	793.69504	0.92230	3.58490	0.00254	0.00000	0.14805	0.09093	2024-04-17T20:46:54Z
a551475-4501047-031026-128_M14.CEL	88.00000	413.04984	2.76531	1.78209	244.00000	736.09291	730.93011	1186.19022	81.00000	316.18694	8.85860	3.98272	327.00000	1259.28513	1319.32738	741.76832	0.91216	3.42951	0.00220	0.00000	0.15986	0.08341	2024-04-17T20:47:30Z
a551475-4501047-031026-128_M15.CEL	89.00000	408.71160	2.84053	1.81737	252.00000	742.77872	735.03763	1190.03804	76.00000	299.57658	8.62402	4.20458	342.00000	1259.59395	1316.72917	751.28842	0.90709	3.49080	0.00208	0.00000	0.14312	0.08315	2024-04-17T20:48:03Z
a551475-4501047-031026-128_M16.CEL	77.00000	369.79412	2.91062	1.79283	215.00000	662.97860	656.44946	1056.19022	84.00000	297.81306	9.22194	3.81819	276.00000	1137.10703	1203.57440	670.15603	0.92061	3.50150	0.00187	0.00000	0.16138	0.08417	2024-04-17T20:48:37Z
a551475-4501047-031026-128_M17.CEL	80.00000	370.10376	3.29074	1.90131	233.00000	703.68074	700.74946	726.38043	50.00000	195.20439	9.77920	3.95302	194.00000	771.64624	808.82887	706.90307	0.90878	3.56263	0.00010	0.00000	0.13618	0.07810	2024-04-17T20:49:11Z
a551475-4501047-031026-128_M18.CEL	95.00000	433.31291	2.94193	1.83961	269.00000	797.12669	796.15376	1425.26812	108.00000	381.03547	9.77247	4.01385	374.00000	1529.41993	1614.97321	798.19622	0.90203	3.44359	0.00382	0.00000	0.14937	0.07225	2024-04-17T20:49:47Z
a551475-4501047-031026-128_M19.CEL	94.00000	415.09150	2.93046	1.79350	240.00000	744.46565	739.30968	1176.23370	80.00000	297.93581	8.86418	4.14762	322.00000	1235.72386	1284.59077	750.13357	0.91216	3.52267	0.00209	0.00000	0.14755	0.08021	2024-04-17T20:50:21Z
a551475-4501047-031026-128_M20.CEL	92.00000	414.22549	3.01085	1.87498	267.00000	776.66385	773.55591	1295.46377	86.00000	310.28716	9.72952	4.40902	354.00000	1368.06127	1427.69494	780.08038	0.92399	3.61047	0.00273	0.00000	0.14347	0.07118	2024-04-17T20:50:55Z
a551475-4501047-031026-128_M21.CEL	97.00000	469.26144	3.64622	1.94422	301.00000	912.34854	905.25376	1610.95109	103.00000	368.62613	9.14428	4.60658	483.00000	1698.10539	1769.69643	920.14775	0.93581	3.64354	0.00475	0.00000	0.14143	0.06302	2024-04-17T20:51:29Z
a551475-4501047-031026-128_M22.CEL	84.00000	394.20343	2.86840	1.80250	224.00000	710.55236	704.13871	1116.14312	67.00000	279.55743	8.34928	4.20705	318.00000	1176.11275	1225.37351	717.60284	0.90878	3.45847	0.00194	0.00000	0.15374	0.09291	2024-04-17T20:52:04Z
a551475-4501047-031026-128_M23.CEL	89.00000	410.95098	2.96931	1.85372	261.00000	761.78829	757.10108	1246.14312	73.00000	295.83784	9.28992	4.40170	354.00000	1302.19036	1348.22917	766.94090	0.92061	3.61309	0.00222	0.00000	0.14194	0.08127	2024-04-17T20:52:54Z
a551475-4501047-031026-128_M24.CEL	101.00000	452.13971	2.72967	1.75882	250.00000	795.23029	785.29570	1344.23913	96.00000	354.61881	9.12525	4.01448	370.00000	1423.61029	1488.80804	806.15130	0.90878	3.44564	0.00268	0.00000	0.14485	0.07693	2024-04-17T20:53:28Z
a551475-4501047-031026-128_N01.CEL	91.00000	393.71487	3.12806	1.90887	260.00000	751.55068	752.39785	1249.11051	72.00000	288.41667	9.30855	4.61299	364.00000	1330.46324	1397.28869	750.61939	0.92399	3.65455	0.00241	0.00000	0.14111	0.08210	2024-04-17T21:07:29Z
a551475-4501047-031026-128_N02.CEL	89.00000	399.81618	3.21703	1.96375	277.00000	785.13964	779.05269	1311.16667	77.00000	292.25000	8.76553	4.78068	395.00000	1397.15359	1467.78571	791.83097	0.93074	3.73344	0.00247	0.00000	0.14288	0.07895	2024-04-17T21:06:55Z
a551475-4501047-031026-128_N03.CEL	77.00000	362.04248	3.18515	1.87866	227.00000	680.15653	676.98495	1082.60688	69.00000	259.90597	7.84153	4.38182	323.00000	1138.86193	1185.07143	683.64303	0.92399	3.66563	0.00196	0.00000	0.17025	0.09529	2024-04-17T21:06:21Z
a551475-4501047-031026-128_N04.CEL	94.00000	422.39461	3.50086	1.96661	271.00000	830.68412	827.06667	1365.22283	86.00000	322.63626	9.12956	4.56193	404.00000	1471.84559	1559.42857	834.66076	0.91047	3.50571	0.00317	0.00000	0.17127	0.09328	2024-04-17T21:05:47Z
a551475-4501047-031026-128_N05.CEL	89.00000	394.45507	3.14932	1.88467	250.00000	743.41948	736.83871	1215.87319	75.00000	291.53547	8.54840	4.48979	370.00000	1308.93219	1385.37351	750.65366	0.91723	3.62076	0.00255	0.00000	0.16560	0.09612	2024-04-17T21:05:11Z
a551475-4501047-031026-128_N06.CEL	93.00000	432.23856	3.33089	1.97207	305.00000	852.40428	846.78710	1468.20471	81.00000	325.21959	10.34329	4.82311	419.00000	1568.57108	1651.01488	858.57920	0.93074	3.61923	0.00325	0.00000	0.13796	0.07835	2024-04-17T21:04:37Z
a551475-4501047-031026-128_N07.CEL	89.00000	415.02696	3.42510	1.94705	276.00000	808.07658	803.90323	1436.24819	83.00000	332.32489	10.19138	4.61493	418.00000	1533.65523	1613.66815	812.66430	0.92736	3.65968	0.00336	0.00000	0.14754	0.08224	2024-04-17T21:04:03Z
a551475-4501047-031026-128_N08.CEL	88.00000	393.26961	3.16269	1.96180	272.00000	771.51577	768.41828	1318.48551	73.00000	291.17399	9.49769	4.82037	389.00000	1403.56699	1473.45536	774.92080	0.92061	3.61144	0.00271	0.00000	0.14691	0.07941	2024-04-17T21:03:29Z
a551475-4501047-031026-128_N09.CEL	85.00000	393.65441	3.38844	1.96778	264.00000	774.62500	765.64301	1319.93478	75.00000	291.43863	9.45795	4.76010	374.00000	1387.27778	1442.59524	784.49882	0.93581	3.67028	0.00245	0.00000	0.14214	0.08164	2024-04-17T21:02:54Z
a551475-4501047-031026-128_N10.CEL	88.00000	401.25654	3.12298	1.87356	260.00000	751.77815	746.59140	1278.62500	77.00000	297.03153	10.58046	4.61204	357.00000	1369.92075	1444.91369	757.47991	0.92905	3.70550	0.00249	0.00000	0.16638	0.09431	2024-04-17T21:02:19Z
a551475-4501047-031026-128_N11.CEL	95.00000	403.38154	3.39307	1.97438	273.00000	796.43018	792.38280	1410.00543	88.00000	325.04223	9.44431	4.63923	420.00000	1507.94690	1588.39881	800.87943	0.92568	3.59722	0.00323	0.00000	0.14567	0.07663	2024-04-17T21:01:45Z
a551475-4501047-031026-128_N12.CEL	96.00000	421.38807	3.22505	1.93513	288.00000	815.44257	810.34516	1430.75725	81.00000	318.93975	9.60569	4.76990	414.00000	1521.31209	1595.69643	821.04610	0.93074	3.65951	0.00317	0.00000	0.13491	0.07913	2024-04-17T21:01:11Z
a551475-4501047-031026-128_N13.CEL	92.00000	407.20425	3.17393	1.90262	263.00000	774.75450	772.92688	1372.54710	90.00000	325.23423	9.37722	4.42950	393.00000	1440.62418	1496.54464	776.76359	0.93243	3.71826	0.00288	0.00000	0.13867	0.07080	2024-04-17T21:00:36Z
a551475-4501047-031026-128_N14.CEL	95.00000	437.07843	3.27101	1.94009	298.00000	847.96959	842.83763	1497.27899	83.00000	329.51971	9.60487	4.85467	461.00000	1599.70915	1683.84821	853.61111	0.93074	3.65044	0.00345	0.00000	0.13370	0.07562	2024-04-17T21:00:02Z
a551475-4501047-031026-128_N15.CEL	97.00000	439.50490	3.06414	1.89447	290.00000	832.62838	828.21183	1386.83152	84.00000	319.06926	9.39543	4.60998	401.00000	1470.90359	1539.96280	837.48345	0.92061	3.63378	0.00352	0.00000	0.15513	0.07740	2024-04-17T20:59:28Z
a551475-4501047-031026-128_N16.CEL	58.00000	252.08987	2.95257	1.82022	158.00000	458.85980	455.13226	775.41486	65.00000	223.50338	10.44835	3.69358	187.00000	825.52778	866.69196	462.95745	0.91216	3.55719	0.00010	0.00000	0.14333	0.06726	2024-04-17T20:58:54Z
a551475-4501047-031026-128_N17.CEL	88.00000	399.05392	3.03751	1.83129	243.00000	730.78209	726.46989	764.99094	56.00000	211.28041	9.21898	3.84592	215.00000	812.56781	851.64881	735.52246	0.93412	3.71827	0.00011	0.00000	0.13981	0.07559	2024-04-17T20:58:04Z
a551475-4501047-031026-128_N18.CEL	85.00000	391.94444	3.28078	1.94409	263.00000	761.97691	758.63226	1242.92754	73.00000	287.07939	9.38611	4.63928	366.00000	1331.84069	1404.87649	765.65366	0.92568	3.68362	0.00237	0.00000	0.14464	0.08409	2024-04-17T20:57:30Z
a551475-4501047-031026-128_N19.CEL	101.00000	442.03350	3.07015	1.91987	296.00000	848.64640	841.74409	1440.57246	94.00000	335.13457	8.55370	4.51724	441.00000	1513.88480	1574.10565	856.23404	0.92399	3.63222	0.00328	0.00000	0.16107	0.08034	2024-04-17T20:56:56Z
a551475-4501047-031026-128_N20.CEL	92.00000	414.92075	3.20499	1.93053	282.00000	801.01689	798.49462	1386.05978	81.00000	307.94595	10.37854	4.78753	384.00000	1474.29902	1546.78125	803.78960	0.91216	3.58057	0.00293	0.00000	0.14548	0.08346	2024-04-17T20:56:22Z
a551475-4501047-031026-128_N21.CEL	91.00000	404.45016	3.21952	1.92919	260.00000	780.26239	776.60968	1345.86051	79.00000	309.48761	9.26254	4.66236	396.00000	1442.94199	1522.68750	784.27778	0.92736	3.66966	0.00309	0.00000	0.14823	0.14564	2024-04-17T20:55:46Z
a551475-4501047-031026-128_N22.CEL	92.00000	429.77042	3.13134	1.85773	265.00000	798.39696	789.66237	1272.88949	80.00000	306.57770	8.39231	4.44488	385.00000	1362.70016	1436.47321	807.99882	0.91554	3.55420	0.00292	0.00000	0.13678	0.07179	2024-04-17T20:55:12Z
a551475-4501047-031026-128_N23.CEL	107.00000	456.98366	3.07061	1.88836	293.00000	862.95045	858.78817	1477.11957	92.00000	357.70383	9.48489	4.44946	433.00000	1591.58824	1685.61607	867.52600	0.92568	3.54162	0.00384	0.00000	0.15153	0.06923	2024-04-17T20:54:37Z
a551475-4501047-031026-128_N24.CEL	48.00000	195.68791	2.63559	1.90279	122.00000	372.35304	366.57419	657.67210	54.00000	199.52365	8.76962	3.48957	172.00000	696.25082	727.94048	378.70567	0.87669	3.31014	0.00010	0.00000	0.14436	0.25021	2024-04-17T20:54:03Z
a551475-4501047-031026-128_O01.CEL	90.00000	407.25327	3.43570	1.97600	274.00000	804.73423	803.64624	1393.40036	78.00000	314.07827	8.58908	4.63841	439.00000	1456.82271	1508.91964	805.93026	0.92061	3.58262	0.00278	0.00000	0.16075	0.08421	2024-04-17T21:08:04Z
a551475-4501047-031026-128_O02.CEL	89.00000	399.17239	2.36249	1.74171	227.00000	695.24212	693.09570	1110.96920	79.00000	295.40766	7.61379	3.96269	321.00000	1170.60784	1219.59673	697.60165	0.87838	3.29629	0.00127	0.00000	0.14069	0.08448	2024-04-17T21:08:38Z
a551475-4501047-031026-128_O03.CEL	79.00000	348.95997	3.15749	1.93440	227.00000	675.02928	675.30645	1152.65399	72.00000	274.49944	9.95704	4.42114	318.00000	1213.59967	1263.66220	674.72459	0.94426	3.77556	0.00203	0.00000	0.18029	0.10494	2024-04-17T21:09:11Z
a551475-4501047-031026-128_O04.CEL	73.00000	332.55229	3.15524	1.98441	227.00000	659.92005	659.16774	1046.25000	62.00000	244.11318	8.23333	4.52586	304.00000	1104.82108	1152.93304	660.74704	0.90034	3.48352	0.00143	0.00000	0.19331	0.10877	2024-04-17T21:10:02Z
a551475-4501047-031026-128_O05.CEL	83.00000	376.62092	3.00956	1.81107	217.00000	682.08671	672.84516	1094.64312	78.00000	278.66441	8.79980	4.09733	293.00000	1141.78105	1180.50149	692.24586	0.92399	3.62132	0.00180	0.00000	0.15105	0.08226	2024-04-17T21:10:35Z
a551475-4501047-031026-128_O06.CEL	90.00000	419.83578	3.09585	1.91192	275.00000	802.69088	794.58172	1339.84601	86.00000	328.38457	9.14957	4.32894	382.00000	1421.55719	1488.67708	811.60520	0.91047	3.51596	0.00289	0.00000	0.14864	0.07961	2024-04-17T21:11:09Z
a551475-4501047-031026-128_O07.CEL	80.00000	356.75000	2.57579	1.84260	232.00000	657.34854	653.73226	1119.81159	65.00000	272.61205	7.39832	4.26441	347.00000	1162.52941	1197.61905	661.32388	0.91047	3.54484	0.00071	0.00000	0.19740	0.12550	2024-04-17T21:11:44Z
a551475-4501047-031026-128_O08.CEL	78.00000	349.55719	2.28042	1.89165	242.00000	661.24043	654.68065	1037.88587	82.00000	279.73761	5.94849	3.99752	339.00000	1118.25654	1184.27530	668.45154	0.88007	3.19886	0.00168	0.00000	0.27264	0.15459	2024-04-17T21:12:19Z
a551475-4501047-031026-128_O09.CEL	79.00000	335.57271	2.14404	1.84533	221.00000	619.24381	619.29677	1049.98913	68.00000	255.96227	5.23651	4.25512	373.00000	1089.15114	1121.31994	619.18558	0.90034	3.39217	0.00057	0.00000	0.25763	0.17942	2024-04-17T21:12:53Z
a551475-4501047-031026-128_O10.CEL	84.00000	377.98529	2.77982	1.83992	233.00000	695.46453	689.96667	1147.51993	84.00000	300.13232	7.43785	4.17701	351.00000	1253.65605	1340.83929	701.50827	0.88851	3.37896	0.00258	0.00000	0.19211	0.09670	2024-04-17T21:13:27Z
a551475-4501047-031026-128_O11.CEL	87.00000	378.83007	2.31208	1.83012	242.00000	693.30631	685.66989	1148.22101	73.00000	288.45214	6.37869	4.16576	362.00000	1201.62337	1245.48958	701.70095	0.90034	3.48184	0.00254	0.00000	0.22320	0.13924	2024-04-17T21:14:02Z
a551475-4501047-031026-128_O12.CEL	81.00000	369.41830	2.70726	1.80547	238.00000	666.97410	669.07097	1055.06159	71.00000	269.40090	8.52566	4.14555	299.00000	1116.81373	1167.53869	664.66903	0.90541	3.49006	0.00167	0.00000	0.14697	0.08390	2024-04-17T21:14:37Z
a551475-4501047-031026-128_O13.CEL	97.00000	418.51225	3.36026	1.95004	284.00000	816.11712	810.75591	1400.41123	79.00000	318.24043	10.27767	4.61250	383.00000	1467.88317	1523.30655	822.01064	0.92061	3.63198	0.00318	0.00000	0.15513	0.08269	2024-04-17T21:15:11Z
a551475-4501047-031026-128_O14.CEL	85.00000	381.16340	1.61108	1.57585	173.00000	600.65653	584.63871	824.32609	71.00000	256.15034	5.47005	3.51323	241.00000	899.91503	962.00595	618.26478	0.78378	2.74074	0.00193	0.00000	0.16678	0.08820	2024-04-17T21:15:45Z
a551475-4501047-031026-128_O15.CEL	88.00000	433.33252	3.51476	1.98000	302.00000	857.99662	858.63118	1526.23370	93.00000	346.39752	9.26130	4.67951	470.00000	1620.96977	1698.78869	857.29905	0.93750	3.75181	0.00383	0.00000	0.14269	0.07138	2024-04-17T21:16:19Z
a551475-4501047-031026-128_O16.CEL	89.00000	410.66830	3.10889	1.90115	273.00000	780.74381	778.34946	1360.12500	78.00000	309.87725	8.60188	4.68225	409.00000	1450.92402	1525.50893	783.37589	0.89696	3.42314	0.00321	0.00000	0.14017	0.07298	2024-04-17T21:16:54Z
a551475-4501047-031026-128_O17.CEL	100.00000	429.25490	3.12067	1.92001	289.00000	824.17568	823.74516	1445.86957	83.00000	312.44989	9.51353	4.87060	429.00000	1521.81781	1584.20387	824.64894	0.91723	3.61286	0.00303	0.00000	0.13186	0.07169	2024-04-17T21:17:29Z
a551475-4501047-031026-128_O18.CEL	92.00000	389.50163	2.79012	1.81949	244.00000	708.69426	708.90753	1180.95471	79.00000	288.13626	9.08162	4.30631	329.00000	1240.80392	1289.96577	708.45981	0.91047	3.56874	0.00202	0.00000	0.16106	0.07854	2024-04-17T21:18:03Z
a551475-4501047-031026-128_O19.CEL	89.00000	422.08987	3.74258	1.94208	267.00000	819.73198	808.66129	1466.50543	79.00000	323.07264	10.12568	4.81818	410.00000	1556.62092	1630.64435	831.90189	0.92568	3.62753	0.00352	0.00000	0.13299	0.07358	2024-04-17T21:18:38Z
a551475-4501047-031026-128_O20.CEL	97.00000	432.49837	3.23724	1.96519	297.00000	849.94088	848.18387	1494.40217	93.00000	339.59572	9.51530	4.59893	433.00000	1561.77614	1617.11905	851.87234	0.91554	3.54035	0.00352	0.00000	0.14388	0.07253	2024-04-17T21:19:33Z
a551475-4501047-031026-128_O21.CEL	86.00000	401.05065	3.36396	1.93794	270.00000	777.21115	781.87419	1361.26630	75.00000	296.48198	9.74487	4.80458	401.00000	1424.47141	1476.38988	772.08511	0.92399	3.67425	0.00274	0.00000	0.12898	0.07517	2024-04-17T21:20:11Z
a551475-4501047-031026-128_O22.CEL	96.00000	433.31781	3.47208	1.97076	282.00000	853.96565	852.28710	1461.62319	88.00000	334.54279	9.56910	4.60785	419.00000	1541.52451	1607.15774	855.81087	0.92399	3.50797	0.00316	0.00000	0.13910	0.07109	2024-04-17T21:20:48Z
a551475-4501047-031026-128_O23.CEL	95.00000	415.60376	2.85946	1.83384	256.00000	762.15203	756.87742	1237.07246	81.00000	300.03435	8.49234	4.40256	371.00000	1320.91993	1389.79464	767.95035	0.92061	3.61831	0.00223	0.00000	0.15257	0.08022	2024-04-17T21:21:22Z
a551475-4501047-031026-128_O24.CEL	100.00000	471.23775	3.02314	1.82786	286.00000	861.35529	859.91398	1480.43478	106.00000	379.89809	9.90514	4.12314	394.00000	1566.37418	1636.96726	862.93972	0.89865	3.46541	0.00332	0.00000	0.12852	0.07351	2024-04-17T21:21:57Z
a551475-4501047-031026-128_P01.CEL	88.00000	411.00408	2.74835	1.73287	217.00000	712.21509	706.70323	1121.97464	84.00000	314.39189	7.53326	3.73830	329.00000	1175.29003	1219.08482	718.27423	0.89865	3.44360	0.00191	0.00000	0.17589	0.10350	2024-04-17T21:36:25Z
a551475-4501047-031026-128_P02.CEL	93.00000	421.54820	3.08241	1.87802	267.00000	791.67568	789.14624	1329.53986	83.00000	314.79505	9.51464	4.47482	381.00000	1408.65033	1473.63393	794.45626	0.92230	3.65539	0.00249	0.00000	0.15370	0.08872	2024-04-17T21:35:51Z
a551475-4501047-031026-128_P03.CEL	76.00000	371.35131	3.43585	1.99396	254.00000	740.45833	736.94086	1266.12500	68.00000	278.88514	9.67600	4.84979	361.00000	1352.53513	1423.51488	744.32506	0.91385	3.58978	0.00254	0.00000	0.16867	0.10218	2024-04-17T21:35:18Z
a551475-4501047-031026-128_P04.CEL	82.00000	373.32353	3.14631	1.92038	250.00000	716.92173	710.38280	1150.85145	68.00000	273.79899	9.46016	4.46868	320.00000	1223.51961	1283.21131	724.10993	0.91047	3.61209	0.00208	0.00000	0.18983	0.10665	2024-04-17T21:34:43Z
a551475-4501047-031026-128_P05.CEL	102.00000	442.53676	3.44066	1.93116	287.00000	854.61092	848.73978	1487.26087	94.00000	358.76858	10.07961	4.37620	403.00000	1570.04412	1638.04464	861.06501	0.92568	3.60863	0.00372	0.00000	0.15379	0.08606	2024-04-17T21:34:09Z
a551475-4501047-031026-128_P06.CEL	85.00000	388.84559	3.36529	1.98779	265.00000	772.94369	762.95806	1351.46920	73.00000	302.62106	10.26218	4.73289	371.00000	1432.27369	1498.64881	783.92080	0.92061	3.65825	0.00271	0.00000	0.16570	0.09731	2024-04-17T21:33:20Z
a551475-4501047-031026-128_P07.CEL	85.00000	396.43382	3.03592	1.86956	254.00000	741.15541	731.31828	1231.25181	85.00000	317.58052	8.67902	4.17441	358.00000	1325.70997	1403.30060	751.96927	0.92061	3.59284	0.00244	0.00000	0.18813	0.12151	2024-04-17T21:32:45Z
a551475-4501047-031026-128_P08.CEL	95.00000	432.00735	3.31925	1.96469	307.00000	848.76070	845.35376	1508.70471	82.00000	334.07714	9.55913	4.70806	450.00000	1572.85458	1625.54911	852.50591	0.92399	3.61538	0.00317	0.00000	0.14235	0.08781	2024-04-17T21:32:11Z
a551475-4501047-031026-128_P09.CEL	86.00000	396.52614	2.17664	1.75830	238.00000	697.21340	690.85591	1120.32246	85.00000	314.06813	5.65302	3.75099	386.00000	1178.06536	1225.49702	704.20213	0.89189	3.33131	0.00172	0.00000	0.24797	0.14395	2024-04-17T21:31:37Z
a551475-4501047-031026-128_P10.CEL	92.00000	400.40278	2.09203	1.76482	262.00000	706.63739	705.56559	1153.52899	83.00000	313.83221	6.79275	3.93785	352.00000	1235.82353	1303.42262	707.81560	0.89189	3.41842	0.00234	0.00000	0.23036	0.15447	2024-04-17T21:31:03Z
a551475-4501047-031026-128_P11.CEL	77.00000	330.42647	1.92933	1.76121	206.00000	581.95158	576.22366	910.87138	58.00000	248.47804	6.43792	3.86615	276.00000	960.65359	1001.54613	588.24823	0.88514	3.37809	0.00182	0.00000	0.24927	0.16434	2024-04-17T21:30:28Z
a551475-4501047-031026-128_P12.CEL	101.00000	423.79493	1.96247	1.83634	301.00000	778.23086	766.09462	1340.23370	98.00000	335.63007	5.43254	4.25481	498.00000	1428.04167	1500.16964	791.57210	0.90034	3.32160	0.00367	0.00000	0.26667	0.15198	2024-04-17T21:29:54Z
a551475-4501047-031026-128_P13.CEL	94.00000	439.43873	3.19446	1.94089	296.00000	852.90315	851.38065	1574.52536	83.00000	350.47128	7.20022	4.69723	533.00000	1646.24510	1705.15774	854.57683	0.92061	3.53983	0.00480	0.00000	0.18325	0.11185	2024-04-17T21:28:50Z
a551475-4501047-031026-128_P14.CEL	95.00000	433.74510	3.36528	1.93991	282.00000	841.42511	838.22473	1442.79167	89.00000	341.58671	10.03710	4.46195	408.00000	1524.14379	1590.96875	844.94326	0.89696	3.49474	0.00320	0.00000	0.16068	0.10236	2024-04-17T21:28:16Z
a551475-4501047-031026-128_P15.CEL	91.00000	393.65850	2.43313	1.85145	264.00000	728.83953	725.96882	1246.18841	79.00000	300.14640	7.28635	4.35969	394.00000	1308.54657	1359.76935	731.99527	0.91385	3.50058	0.00154	0.00000	0.20188	0.13752	2024-04-17T21:27:41Z
a551475-4501047-031026-128_P16.CEL	103.00000	423.74755	2.70648	1.88374	290.00000	798.22860	794.80753	1360.09964	85.00000	328.56588	8.42385	4.40576	425.00000	1447.58170	1519.44196	801.98936	0.89865	3.48451	0.00278	0.00000	0.18709	0.10588	2024-04-17T21:27:07Z
a551475-4501047-031026-128_P17.CEL	88.00000	414.75408	3.11771	1.90468	275.00000	789.97241	785.83011	1427.00725	85.00000	332.84854	9.28107	4.52972	428.00000	1507.70915	1574.00000	794.52600	0.93581	3.74161	0.00323	0.00000	0.17586	0.10677	2024-04-17T21:26:33Z
a551475-4501047-031026-128_P18.CEL	83.00000	414.09150	3.39066	1.96616	285.00000	814.17117	811.92043	1464.27717	76.00000	318.40597	9.47915	4.81121	429.00000	1531.91748	1587.47917	816.64539	0.92061	3.52707	0.00289	0.00000	0.14625	0.08473	2024-04-17T21:25:57Z
a551475-4501047-031026-128_P19.CEL	92.00000	417.19281	3.34911	1.89607	265.00000	791.02759	789.38387	1382.88587	81.00000	341.14640	9.81307	4.30991	397.00000	1470.31127	1542.12500	792.83452	0.91554	3.56886	0.00250	0.00000	0.14257	0.08702	2024-04-17T21:25:23Z
a551475-4501047-031026-128_P20.CEL	106.00000	465.56209	3.07184	1.89786	304.00000	883.57151	877.60000	1527.51268	87.00000	352.83052	8.44125	4.58196	494.00000	1616.65441	1689.87798	890.13593	0.90541	3.48408	0.00387	0.00000	0.14226	0.08056	2024-04-17T21:24:50Z
a551475-4501047-031026-128_P21.CEL	92.00000	430.05882	3.31599	1.91526	280.00000	823.67624	819.20538	1419.93478	84.00000	332.25676	10.46750	4.50263	385.00000	1496.02778	1558.53274	828.59102	0.91892	3.53990	0.00316	0.00000	0.15395	0.09144	2024-04-17T21:24:16Z
a551475-4501047-031026-128_P22.CEL	97.00000	436.37827	3.03999	1.89827	287.00000	828.36318	830.62473	1450.13225	84.00000	331.56475	9.74555	4.57172	414.00000	1515.82271	1569.78274	825.87707	0.91892	3.63103	0.00285	0.00000	0.15124	0.08189	2024-04-17T21:23:40Z
a551475-4501047-031026-128_P23.CEL	85.00000	375.82271	3.35501	1.98978	250.00000	747.80349	738.03333	1279.39855	71.00000	275.31250	9.10336	4.89913	367.00000	1348.79167	1405.79315	758.54374	0.91554	3.51400	0.00211	0.00000	0.15865	0.08822	2024-04-17T21:23:05Z
a551475-4501047-031026-128_P24.CEL	95.00000	437.38317	2.49487	1.69710	232.00000	742.28153	735.91290	1208.70833	93.00000	344.39245	8.61191	3.68666	320.00000	1269.65768	1319.72321	749.28251	0.89696	3.29853	0.00189	0.00000	0.16425	0.10985	2024-04-17T21:22:31Z
