#MQR=Median Quartile Range: difference between median and first quartile.
#MLD=Median Linear Discriminant: same as FLD except using MQR values instead of IQR.
#%guid=688aa5d9-6c50-4a86-a0df-a21642389017
cel_files	axiom_signal_contrast_AT_B_MQR	axiom_signal_contrast_AT_B	axiom_signal_contrast_AT_MLD	axiom_signal_contrast_AT_SBR	axiom_signal_contrast_AT_S_MQR	axiom_signal_contrast_AT_S	axiom_signal_contrast_A_signal_mean	axiom_signal_contrast_C_signal_mean	axiom_signal_contrast_GC_B_MQR	axiom_signal_contrast_GC_B	axiom_signal_contrast_GC_MLD	axiom_signal_contrast_GC_SBR	axiom_signal_contrast_GC_S_MQR	axiom_signal_contrast_GC_S	axiom_signal_contrast_G_signal_mean	axiom_signal_contrast_T_signal_mean	axiom_dishqc_DQC	axiom_dishqc_log_diff_qc	saturation_GC	saturation_AT	axiom_varscore_CV_GC	axiom_varscore_CV_AT	affymetrix-scan-date
a551475-4466930-092824-659_A01.CEL	77.00000	333.60784	2.35918	1.72403	154.00000	575.15034	574.99355	921.91667	81.00000	288.74887	5.37122	3.36667	238.00000	972.12173	1013.36161	575.32270	0.86149	3.17282	0.00183	0.00000	0.14580	0.09515	2023-03-23T20:04:40Z
a551475-4466930-092824-659_A02.CEL	76.00000	349.45915	1.94636	1.56074	145.00000	545.41554	547.70753	763.62138	71.00000	264.96791	5.05346	2.99693	184.00000	794.09069	819.11905	542.89598	0.80912	2.88708	0.00166	0.00000	0.19134	0.10053	2023-03-23T20:05:46Z
a551475-4466930-092824-659_A03.CEL	88.00000	396.45752	2.03944	1.59874	173.00000	633.83390	635.19570	948.75543	90.00000	347.64189	4.80665	2.87821	261.00000	1000.58660	1043.16220	632.33688	0.80743	2.82447	0.00236	0.00000	0.19570	0.09058	2023-03-23T20:06:22Z
a551475-4466930-092824-659_A04.CEL	74.00000	331.81944	2.18458	1.62256	140.00000	538.39583	536.36344	749.75543	59.00000	249.17230	5.38461	3.21922	198.00000	802.14134	845.17262	540.63002	0.83784	2.98676	0.00120	0.00000	0.14909	0.09366	2023-03-23T20:07:45Z
a551475-4466930-092824-659_A05.CEL	79.00000	362.83497	2.60229	1.72999	158.00000	627.69989	624.32581	981.44022	85.00000	361.99718	4.94270	2.83604	265.00000	1026.63807	1063.76488	631.40898	0.79392	2.78655	0.00255	0.00000	0.22803	0.08071	2023-03-23T20:08:17Z
a551475-4466930-092824-659_A06.CEL	92.00000	393.66095	2.30273	1.70174	178.00000	669.90822	666.74409	1010.45290	80.00000	306.60304	6.29489	3.48796	241.00000	1069.41830	1117.85417	673.38652	0.86655	3.13763	0.00237	0.00000	0.13764	0.07764	2023-03-23T20:08:51Z
a551475-4466930-092824-659_A07.CEL	106.00000	464.86520	1.97615	1.56556	181.00000	727.77309	721.70968	1153.80254	130.00000	453.38514	4.72592	2.71619	326.00000	1231.48121	1295.28869	734.43853	0.78885	2.73916	0.00289	0.00000	0.18821	0.07408	2023-03-23T20:09:24Z
a551475-4466930-092824-659_A08.CEL	84.00000	386.46405	1.93267	1.54892	150.00000	598.60079	593.71828	839.53804	81.00000	309.18243	4.52199	2.86109	232.00000	884.59804	921.61161	603.96809	0.80743	2.83365	0.00196	0.00000	0.18730	0.09076	2023-03-23T20:09:58Z
a551475-4466930-092824-659_A09.CEL	87.00000	393.18464	2.12683	1.58613	158.00000	623.64077	621.82796	929.60688	103.00000	372.78378	4.42795	2.63655	261.00000	982.86193	1026.60714	625.63357	0.81419	2.75711	0.00233	0.00000	0.20465	0.07386	2023-03-23T20:10:32Z
a551475-4466930-092824-659_A10.CEL	79.00000	340.69118	1.79633	1.60518	142.00000	546.86993	547.80753	732.52536	68.00000	257.39809	4.47427	3.03222	183.00000	780.48775	819.88542	545.83924	0.79054	2.78692	0.00174	0.00000	0.14671	0.07809	2023-03-23T20:11:05Z
a551475-4466930-092824-659_A11.CEL	100.00000	433.83007	2.11143	1.58203	167.00000	686.33221	682.79032	1013.81703	104.00000	375.07883	5.70433	2.83073	245.00000	1061.74755	1101.11905	690.22577	0.82264	2.90629	0.00243	0.00000	0.16794	0.06639	2023-03-23T20:11:52Z
a551475-4466930-092824-659_A12.CEL	78.00000	349.70915	2.52517	1.74236	159.00000	609.31813	603.43871	909.93116	74.00000	309.22635	5.34309	3.08129	240.00000	952.81699	988.04464	615.78132	0.84122	2.94618	0.00261	0.00000	0.18242	0.06852	2023-03-23T20:12:26Z
a551475-4466930-092824-659_A13.CEL	49.00000	225.69935	2.55731	1.71852	104.00000	387.86824	386.30753	453.44022	46.00000	183.66836	4.84812	2.59040	122.00000	475.77369	494.11905	389.58392	0.83615	2.89804	0.00010	0.00000	0.18158	0.06991	2023-03-23T20:12:59Z
a551475-4466930-092824-659_A14.CEL	93.00000	404.53840	1.97602	1.60364	167.00000	648.73480	645.37419	900.90036	84.00000	318.79955	4.99706	3.02622	233.00000	964.75817	1017.21280	652.42908	0.80743	2.87745	0.00220	0.00000	0.15194	0.07737	2023-03-23T20:13:32Z
a551475-4466930-092824-659_A15.CEL	82.00000	385.82843	1.90047	1.52624	141.00000	588.86599	584.28710	891.20109	98.00000	378.72072	4.07580	2.44257	249.00000	925.05147	952.85714	593.89953	0.76689	2.59639	0.00217	0.00000	0.21099	0.07082	2023-03-23T20:14:05Z
a551475-4466930-092824-659_A16.CEL	84.00000	358.25408	2.38923	1.66628	148.00000	596.95045	593.76774	876.36232	69.00000	267.00169	5.62289	3.40806	219.00000	909.95833	937.55506	600.44917	0.86486	3.03613	0.00191	0.00000	0.14068	0.08416	2023-03-23T20:14:40Z
a551475-4466930-092824-659_A17.CEL	90.00000	372.81699	2.48790	1.74943	173.00000	652.21622	649.08280	1019.83877	88.00000	380.08502	5.10235	2.82537	288.00000	1073.87990	1118.27083	655.66076	0.82432	2.85744	0.00270	0.00000	0.23294	0.08110	2023-03-23T20:15:13Z
a551475-4466930-092824-659_A18.CEL	89.00000	387.59559	2.32742	1.67456	170.00000	649.05124	648.65699	973.49819	85.00000	333.72354	5.46961	3.06429	230.00000	1022.62500	1062.97917	649.48463	0.82939	2.97355	0.00231	0.00000	0.13839	0.08143	2023-03-23T20:15:47Z
a551475-4466930-092824-659_A19.CEL	66.00000	299.30229	1.64319	1.49878	109.00000	448.58896	446.62903	492.73732	51.00000	269.98705	3.83779	1.89379	114.00000	511.29820	526.54464	450.74350	0.75507	2.56203	0.00010	0.00000	0.16106	0.08816	2023-03-23T20:16:20Z
a551475-4466930-092824-659_A20.CEL	89.00000	408.50572	2.16193	1.62361	164.00000	663.25563	659.08065	936.86775	83.00000	328.88682	4.85037	3.04513	239.00000	1001.50245	1054.59524	667.84515	0.79899	2.77839	0.00261	0.00000	0.14078	0.07515	2023-03-23T20:16:54Z
a551475-4466930-092824-659_A21.CEL	86.00000	380.12663	2.31606	1.61732	151.00000	614.78773	612.77312	910.30072	96.00000	340.19426	4.36675	2.81098	274.00000	956.27941	994.04762	617.00236	0.81081	2.79325	0.00225	0.00000	0.20094	0.07242	2023-03-23T20:17:27Z
a551475-4466930-092824-659_A22.CEL	85.00000	372.66095	2.00458	1.57723	147.00000	587.77365	585.88387	802.20833	79.00000	294.05518	4.60872	2.88507	205.00000	848.37010	886.28869	589.85106	0.76689	2.70901	0.00198	0.00000	0.15313	0.08367	2023-03-23T20:18:00Z
a551475-4466930-092824-659_A23.CEL	97.00000	424.67974	1.73466	1.53078	154.00000	650.08953	646.65161	913.52536	98.00000	356.24606	4.46402	2.66623	247.00000	949.83252	979.65625	653.86879	0.76858	2.64100	0.00238	0.00000	0.16842	0.07124	2023-03-23T20:18:33Z
a551475-4466930-092824-659_A24.CEL	83.00000	373.10948	1.85625	1.62746	151.00000	607.22128	608.29462	764.69384	71.00000	280.63401	4.57928	2.92914	189.00000	822.01716	869.10417	606.04137	0.79054	2.71392	0.00248	0.00000	0.17896	0.07434	2023-03-23T20:19:21Z
a551475-4466930-092824-659_B01.CEL	94.00000	416.54984	2.97196	1.79339	191.00000	747.03716	746.21828	806.30616	68.00000	296.57038	5.90325	2.87359	212.00000	852.22059	889.93601	747.93735	0.86318	3.11747	0.00013	0.00000	0.15198	0.07053	2023-03-23T20:33:04Z
a551475-4466930-092824-659_B02.CEL	94.00000	387.24510	1.90027	1.61198	169.00000	624.23029	624.88602	937.29710	84.00000	355.63288	4.70783	2.78157	253.00000	989.21814	1031.86756	623.50946	0.80912	2.80698	0.00239	0.00000	0.16646	0.07656	2023-03-23T20:32:30Z
a551475-4466930-092824-659_B03.CEL	90.00000	418.00408	2.48855	1.65532	188.00000	691.93243	687.20753	1030.78080	82.00000	336.25225	6.08418	3.25448	260.00000	1094.32516	1146.52232	697.12648	0.87331	3.18158	0.00209	0.00000	0.14415	0.07790	2023-03-23T20:31:57Z
a551475-4466930-092824-659_B04.CEL	105.00000	401.26634	2.09936	1.70990	180.00000	686.12500	684.93871	1055.42029	90.00000	395.05856	4.69183	2.83770	292.00000	1121.05964	1174.97768	687.42908	0.78378	2.66306	0.00293	0.00000	0.21305	0.07146	2023-03-23T20:31:23Z
a551475-4466930-092824-659_B05.CEL	100.00000	444.53350	2.18800	1.62928	191.00000	724.26802	721.75914	1080.90942	103.00000	360.78716	5.10672	3.17912	311.00000	1146.98529	1201.26190	727.02600	0.84291	3.02117	0.00251	0.00000	0.15080	0.07874	2023-03-23T20:30:51Z
a551475-4466930-092824-659_B06.CEL	94.00000	393.31863	1.96777	1.60040	164.00000	629.46678	631.81183	936.79348	96.00000	393.40597	3.88565	2.53100	286.00000	995.70997	1044.10565	626.88889	0.76014	2.48359	0.00252	0.00000	0.23051	0.09097	2023-03-23T20:30:17Z
a551475-4466930-092824-659_B07.CEL	79.00000	360.53350	2.32543	1.63000	146.00000	587.67005	580.80000	507.88043	48.00000	187.65259	5.76465	2.82208	121.00000	529.57108	547.38839	595.22222	0.84459	3.09422	0.00010	0.00000	0.12743	0.07066	2023-03-23T20:29:44Z
a551475-4466930-092824-659_B08.CEL	90.00000	400.35539	2.09121	1.60762	162.00000	643.61881	641.48387	940.01993	87.00000	346.11881	5.23713	2.86769	235.00000	992.56291	1035.72321	645.96572	0.80236	2.76688	0.00246	0.00000	0.17277	0.07358	2023-03-23T20:29:11Z
a551475-4466930-092824-659_B09.CEL	116.00000	468.99428	2.29975	1.66752	199.00000	782.05687	782.40108	1260.66486	126.00000	498.14809	4.50265	2.67066	376.00000	1330.38399	1387.65327	781.67849	0.78885	2.69454	0.00316	0.00000	0.21509	0.07748	2023-03-23T20:28:38Z
a551475-4466930-092824-659_B10.CEL	52.00000	235.85866	2.19346	1.62524	94.00000	383.32770	380.58602	438.90580	47.00000	184.55068	4.29526	2.48775	112.00000	459.11520	475.71577	386.34161	0.78378	2.71712	0.00012	0.00000	0.19048	0.07530	2023-03-23T20:28:03Z
a551475-4466930-092824-659_B11.CEL	91.00000	376.38154	1.64120	1.52594	139.00000	574.33727	565.87742	808.76449	106.00000	351.49606	3.62969	2.42138	195.00000	851.10458	885.88393	583.63712	0.73480	2.60708	0.00159	0.00003	0.20233	0.07860	2023-03-23T20:27:17Z
a551475-4466930-092824-659_B12.CEL	94.00000	397.17320	2.21297	1.66680	168.00000	662.00957	663.80538	984.58333	90.00000	360.71734	4.50957	2.89801	297.00000	1045.36275	1095.28869	660.03546	0.79730	2.74744	0.00269	0.00000	0.19199	0.06912	2023-03-23T20:26:45Z
a551475-4466930-092824-659_B13.CEL	48.00000	208.01797	1.92571	1.59577	87.00000	331.94820	329.70860	367.38768	34.00000	144.11881	5.44537	2.63356	83.00000	379.54493	389.53125	334.41017	0.82939	2.99728	0.00010	0.00000	0.13521	0.07410	2023-03-23T20:26:12Z
a551475-4466930-092824-659_B14.CEL	85.00000	389.69199	2.28614	1.63722	155.00000	638.01182	636.75161	946.05797	97.00000	366.11655	4.39749	2.74065	274.00000	1003.39706	1050.49702	639.39716	0.74831	2.56198	0.00249	0.00000	0.21185	0.07798	2023-03-23T20:25:38Z
a551475-4466930-092824-659_B15.CEL	82.00000	378.70507	2.49922	1.65515	157.00000	626.81475	628.06452	878.68659	70.00000	288.95327	5.25734	3.23880	234.00000	935.86275	982.82887	625.44090	0.83953	2.99513	0.00216	0.00000	0.17073	0.07800	2023-03-23T20:25:04Z
a551475-4466930-092824-659_B16.CEL	97.00000	410.60784	2.33315	1.70047	177.00000	698.22691	692.44624	1034.36957	97.00000	392.07545	4.84176	2.77720	282.00000	1088.87255	1133.64286	704.58156	0.78885	2.66393	0.00269	0.00000	0.20913	0.06961	2023-03-23T20:24:31Z
a551475-4466930-092824-659_B17.CEL	84.00000	391.90196	1.87162	1.54518	152.00000	605.55856	604.13011	863.47283	90.00000	346.15597	4.39852	2.66683	224.00000	923.13889	972.15030	607.12884	0.77027	2.65620	0.00211	0.00000	0.16375	0.07881	2023-03-23T20:23:58Z
a551475-4466930-092824-659_B18.CEL	91.00000	370.25245	2.06720	1.66419	149.00000	616.17061	617.01183	967.99275	82.00000	407.95439	4.12481	2.48013	264.00000	1011.78023	1047.74851	615.24586	0.73986	2.44148	0.00267	0.00000	0.23362	0.07961	2023-03-23T20:23:24Z
a551475-4466930-092824-659_B19.CEL	62.00000	283.81536	1.76541	1.54009	108.00000	437.10135	432.59032	392.92029	39.00000	193.30068	4.54349	2.15426	81.00000	416.41993	435.72321	442.06028	0.78041	2.76806	0.00010	0.00000	0.12825	0.08917	2023-03-23T20:22:38Z
a551475-4466930-092824-659_B20.CEL	91.00000	384.27042	2.22448	1.67961	168.00000	645.42568	641.31935	924.81522	82.00000	342.17399	4.66703	2.86755	259.00000	981.20261	1027.52083	649.93972	0.79730	2.74443	0.00247	0.00000	0.19433	0.07251	2023-03-23T20:22:06Z
a551475-4466930-092824-659_B21.CEL	85.00000	378.91993	2.48738	1.72178	164.00000	652.41667	651.38602	966.36413	82.00000	370.64133	4.49185	2.77485	284.00000	1028.47386	1079.49256	653.54965	0.80743	2.72722	0.00270	0.00000	0.21592	0.07718	2023-03-23T20:21:33Z
a551475-4466930-092824-659_B22.CEL	79.00000	348.10458	1.77487	1.55697	129.00000	541.98761	539.48172	724.59964	77.00000	283.01633	4.09850	2.65595	187.00000	751.67729	773.91964	544.74232	0.77534	2.66429	0.00192	0.00000	0.19407	0.07302	2023-03-23T20:20:59Z
a551475-4466930-092824-659_B23.CEL	81.00000	344.11438	1.80472	1.57789	130.00000	542.97410	536.68710	696.50725	64.00000	240.21734	4.39335	3.03593	172.00000	729.28268	756.20536	549.88534	0.80236	2.82234	0.00194	0.00000	0.13917	0.07647	2023-03-23T20:20:26Z
a551475-4466930-092824-659_B24.CEL	101.00000	424.40033	1.80922	1.57199	165.00000	667.15146	667.60215	894.02536	85.00000	329.34572	4.21526	2.87290	241.00000	946.17892	989.01935	666.65603	0.75169	2.56717	0.00260	0.00000	0.15678	0.06842	2023-03-23T20:19:54Z
a551475-4466930-092824-659_C01.CEL	86.00000	393.51225	2.35869	1.60704	155.00000	632.39077	631.06344	571.90036	50.00000	234.00169	5.90869	2.57027	126.00000	601.44771	625.71875	633.84988	0.84291	3.03931	0.00011	0.00000	0.12484	0.07253	2023-03-23T20:33:51Z
a551475-4466930-092824-659_C02.CEL	86.00000	405.82516	2.29302	1.61972	160.00000	657.32264	658.15484	964.20833	89.00000	387.15146	4.68608	2.62111	263.00000	1014.76552	1056.29464	656.40780	0.78378	2.73097	0.00234	0.00000	0.20963	0.07198	2023-03-23T20:34:37Z
a551475-4466930-092824-659_C03.CEL	91.00000	384.28105	2.06569	1.63969	165.00000	630.10023	628.41290	899.37319	74.00000	298.93356	5.31422	3.20310	233.00000	957.51389	1005.27232	631.95508	0.84122	3.00841	0.00213	0.00000	0.14137	0.08109	2023-03-23T20:35:12Z
a551475-4466930-092824-659_C04.CEL	96.00000	399.88562	1.71842	1.55127	155.00000	620.33108	618.09677	876.52174	97.00000	368.11486	4.14739	2.54431	251.00000	936.59804	985.94643	622.78723	0.75845	2.52642	0.00225	0.00000	0.20920	0.07061	2023-03-23T20:35:46Z
a551475-4466930-092824-659_C05.CEL	90.00000	374.09069	2.32630	1.70062	169.00000	636.18694	633.35376	916.28986	71.00000	280.71509	5.94063	3.43431	231.00000	964.06209	1003.30357	639.30142	0.86655	3.14070	0.00196	0.00000	0.14698	0.08467	2023-03-23T20:36:20Z
a551475-4466930-092824-659_C06.CEL	82.00000	360.23284	2.08140	1.60665	149.00000	578.76971	575.38602	546.19022	58.00000	226.92117	4.49006	2.51190	160.00000	570.00408	589.56548	582.48936	0.80405	2.77336	0.00011	0.00000	0.19741	0.07516	2023-03-23T20:36:53Z
a551475-4466930-092824-659_C07.CEL	81.00000	353.24673	1.86042	1.55980	137.00000	550.99381	546.93333	449.20109	51.00000	194.20664	4.34617	2.44294	118.00000	474.43546	495.16369	555.45745	0.81081	2.82912	0.00011	0.00000	0.18091	0.08090	2023-03-23T20:37:28Z
a551475-4466930-092824-659_C08.CEL	97.00000	421.24265	2.45171	1.69066	176.00000	712.17793	709.28065	1131.94022	114.00000	439.72297	4.37631	2.81842	361.00000	1239.32190	1327.52827	715.36288	0.80574	2.74712	0.00295	0.00000	0.25544	0.09408	2023-03-23T20:38:01Z
a551475-4466930-092824-659_C09.CEL	66.00000	304.36111	2.49682	1.66334	121.00000	506.25507	502.87957	685.16123	59.00000	249.74887	5.08806	2.87640	167.00000	718.37745	745.66220	509.96572	0.84797	3.03637	0.00114	0.00000	0.18130	0.08074	2023-03-23T20:38:34Z
a551475-4466930-092824-659_C10.CEL	84.00000	369.63480	1.88097	1.55090	142.00000	573.26520	570.46559	829.10507	83.00000	337.79955	4.55481	2.57161	224.00000	868.68873	901.20387	576.34279	0.78716	2.74281	0.00197	0.00000	0.20562	0.07824	2023-03-23T20:39:20Z
a551475-4466930-092824-659_C11.CEL	97.00000	421.55882	2.20970	1.64381	179.00000	692.96059	688.78925	1133.05797	122.00000	484.14921	4.33432	2.53059	338.00000	1225.18301	1300.85714	697.54610	0.79392	2.65838	0.00279	0.00000	0.30239	0.11162	2023-03-23T20:39:54Z
a551475-4466930-092824-659_C12.CEL	49.00000	218.05147	1.61441	1.50661	77.00000	328.51914	323.72903	364.23007	44.00000	157.57264	4.13869	2.41374	93.00000	380.33905	393.57143	333.78487	0.77872	2.76126	0.00010	0.00000	0.17919	0.08511	2023-03-23T20:40:28Z
a551475-4466930-092824-659_C13.CEL	80.00000	373.72549	1.88020	1.52239	139.00000	568.95721	561.99785	457.25725	52.00000	192.08277	4.30842	2.47888	123.00000	476.14951	491.66815	576.60757	0.80574	2.85644	0.00010	0.00000	0.17321	0.07588	2023-03-23T20:41:00Z
a551475-4466930-092824-659_C14.CEL	66.00000	310.50735	2.94778	1.72199	130.00000	534.69144	533.71935	539.34964	57.00000	217.39977	4.66397	2.63530	158.00000	572.91422	600.48512	535.76005	0.80068	2.75817	0.00011	0.00000	0.22161	0.07588	2023-03-23T20:41:33Z
a551475-4466930-092824-659_C15.CEL	86.00000	367.91585	2.24718	1.67792	169.00000	617.33502	612.53333	870.50725	67.00000	274.71396	6.18205	3.36173	198.00000	923.51389	967.05506	622.61348	0.84459	3.07232	0.00187	0.00000	0.14625	0.08300	2023-03-23T20:42:07Z
a551475-4466930-092824-659_C16.CEL	83.00000	365.14542	1.64509	1.50001	136.00000	547.72354	545.61613	806.97283	85.00000	364.18300	4.22677	2.30634	209.00000	839.92810	866.99851	550.04019	0.73818	2.40813	0.00209	0.00000	0.22543	0.07319	2023-03-23T20:42:41Z
a551475-4466930-092824-659_C17.CEL	90.00000	390.84314	2.22918	1.63360	164.00000	638.48311	635.14086	904.13406	72.00000	304.00169	5.53336	3.16816	237.00000	963.12745	1011.58631	642.15721	0.85304	3.10679	0.00199	0.00000	0.14367	0.08686	2023-03-23T20:43:14Z
a551475-4466930-092824-659_C18.CEL	85.00000	363.64379	1.71905	1.51024	130.00000	549.19032	545.80538	796.19746	87.00000	358.18637	4.27355	2.32779	202.00000	833.78431	864.65923	552.91135	0.75845	2.54269	0.00215	0.00000	0.20061	0.07313	2023-03-23T20:43:46Z
a551475-4466930-092824-659_C19.CEL	68.00000	313.74918	1.96720	1.52962	115.00000	479.91779	479.01613	462.83333	45.00000	231.98986	4.52772	2.07549	104.00000	481.49183	496.81845	480.90898	0.80574	2.86234	0.00010	0.00000	0.13187	0.07572	2023-03-23T20:44:35Z
a551475-4466930-092824-659_C20.CEL	85.00000	344.07516	2.10792	1.67810	150.00000	577.39302	576.43548	845.40036	76.00000	356.36318	4.20088	2.53871	243.00000	904.70098	953.41220	578.44563	0.76858	2.60041	0.00236	0.00000	0.26432	0.10338	2023-03-23T20:45:08Z
a551475-4466930-092824-659_C21.CEL	87.00000	368.40850	1.94960	1.58970	148.00000	585.65766	582.20860	778.14493	67.00000	264.09459	4.98514	3.11054	202.00000	821.47549	857.06845	589.44917	0.81419	2.88869	0.00177	0.00000	0.14308	0.08289	2023-03-23T20:45:41Z
a551475-4466930-092824-659_C22.CEL	82.00000	339.44853	1.57161	1.50403	131.00000	510.54167	506.89677	689.48188	74.00000	297.78153	3.60992	2.44369	200.00000	727.68464	759.06548	514.54846	0.76351	2.52261	0.00191	0.00000	0.22079	0.09063	2023-03-23T20:46:14Z
a551475-4466930-092824-659_C23.CEL	87.00000	358.75899	2.54673	1.73709	162.00000	623.19707	620.04946	944.22645	80.00000	351.27872	5.11806	2.87337	254.00000	1009.35539	1062.85417	626.65721	0.82432	2.78275	0.00253	0.00000	0.25360	0.09272	2023-03-23T20:46:50Z
a551475-4466930-092824-659_C24.CEL	84.00000	342.55229	1.87657	1.65102	147.00000	565.56081	566.69785	788.92754	70.00000	305.96509	4.53620	2.77482	223.00000	848.99918	898.34375	564.31087	0.78885	2.67277	0.00217	0.00000	0.23525	0.09167	2023-03-23T20:47:22Z
a551475-4466930-092824-659_D01.CEL	86.00000	385.67402	2.21616	1.63226	163.00000	629.52027	625.49140	662.34783	57.00000	303.54786	5.47709	2.29505	149.00000	696.65850	724.84226	633.94917	0.84797	3.00402	0.00010	0.00000	0.12635	0.07369	2023-03-23T21:01:08Z
a551475-4466930-092824-659_D02.CEL	67.00000	294.42484	1.71606	1.54032	119.00000	453.50901	451.76882	624.85507	54.00000	259.13795	4.74069	2.49772	133.00000	647.25327	665.65179	455.42199	0.79899	2.78608	0.00110	0.00000	0.13941	0.09314	2023-03-23T21:00:35Z
a551475-4466930-092824-659_D03.CEL	96.00000	418.03840	3.04114	1.76477	190.00000	737.74212	731.71613	767.47464	66.00000	281.15484	6.13905	2.86929	197.00000	806.71569	838.94940	744.36643	0.86824	3.09473	0.00012	0.00000	0.16550	0.07166	2023-03-23T21:00:02Z
a551475-4466930-092824-659_D04.CEL	89.00000	370.50163	1.38174	1.51103	143.00000	559.83784	556.40753	736.66486	70.00000	298.53547	3.90847	2.63884	193.00000	787.78676	829.77976	563.60875	0.73649	2.48353	0.00211	0.00000	0.16542	0.08377	2023-03-23T20:59:29Z
a551475-4466930-092824-659_D05.CEL	98.00000	405.38235	2.20112	1.67335	174.00000	678.34854	675.03011	1027.41123	96.00000	367.02140	4.76564	2.95313	308.00000	1083.86193	1130.23214	681.99645	0.83108	2.82554	0.00245	0.00000	0.18782	0.06862	2023-03-23T20:58:55Z
a551475-4466930-092824-659_D06.CEL	45.00000	198.67320	1.62360	1.52327	72.00000	302.63345	301.78065	349.20471	41.00000	162.00113	3.91386	2.27222	81.00000	368.10294	383.62649	303.57092	0.73986	2.56085	0.00011	0.00000	0.15513	0.07044	2023-03-23T20:58:23Z
a551475-4466930-092824-659_D07.CEL	58.00000	262.14461	2.63669	1.72575	119.00000	452.39640	448.36774	583.39674	58.00000	223.86149	4.82525	2.76767	170.00000	619.57516	649.29315	456.82506	0.83108	2.93491	0.00011	0.00000	0.19541	0.07366	2023-03-23T20:57:49Z
a551475-4466930-092824-659_D08.CEL	75.00000	304.45833	1.32408	1.49048	111.00000	453.78885	450.28925	362.66848	44.00000	165.26577	3.60000	2.33285	88.00000	385.54003	404.32738	457.63593	0.70101	2.48432	0.00010	0.00000	0.15646	0.08919	2023-03-23T20:57:16Z
a551475-4466930-092824-659_D09.CEL	83.00000	378.90441	2.16388	1.61032	148.00000	610.15766	608.16882	864.07428	85.00000	331.51689	4.88034	2.77317	231.00000	919.35131	964.75744	612.34397	0.78041	2.76909	0.00211	0.00000	0.18516	0.06861	2023-03-23T20:56:42Z
a551475-4466930-092824-659_D10.CEL	40.00000	180.45425	1.63468	1.53998	65.00000	277.89640	277.37419	380.24819	46.00000	200.86149	2.97323	2.00673	111.00000	403.07435	421.82440	278.47045	0.66723	2.16408	0.00010	0.00000	0.26366	0.08323	2023-03-23T20:56:09Z
a551475-4466930-092824-659_D11.CEL	49.00000	211.35458	2.42544	1.68313	86.00000	355.73649	354.42151	501.52536	56.00000	197.95045	4.55224	2.67632	135.00000	529.77778	552.98512	357.18203	0.82770	2.89694	0.00010	0.00000	0.20077	0.07606	2023-03-23T20:55:37Z
a551475-4466930-092824-659_D12.CEL	78.00000	327.47958	2.04399	1.65593	132.00000	542.28266	541.76022	819.93841	88.00000	370.39358	3.31179	2.34899	233.00000	870.04984	911.21280	542.85697	0.71115	2.28700	0.00239	0.00000	0.28837	0.07655	2023-03-23T20:55:03Z
a551475-4466930-092824-659_D13.CEL	72.00000	304.84967	2.39610	1.69553	123.00000	516.88176	513.43441	487.86594	50.00000	195.83615	4.73700	2.64399	136.00000	517.78922	542.36905	520.67139	0.81588	2.81719	0.00010	0.00000	0.20246	0.07791	2023-03-23T20:54:30Z
a551475-4466930-092824-659_D14.CEL	75.00000	315.38562	1.93809	1.58704	125.00000	500.53097	497.86129	687.84058	68.00000	240.47635	4.53146	2.97229	171.00000	714.76471	736.88095	503.46572	0.80405	2.90367	0.00033	0.00000	0.14918	0.09142	2023-03-23T20:53:56Z
a551475-4466930-092824-659_D15.CEL	77.00000	342.04412	2.39810	1.70386	139.00000	582.79448	581.95054	851.71377	82.00000	338.48818	4.24997	2.67526	246.00000	905.54412	949.76190	583.72222	0.78041	2.58291	0.00219	0.00000	0.25860	0.07382	2023-03-23T20:53:23Z
a551475-4466930-092824-659_D16.CEL	41.00000	176.96732	2.20942	1.68377	73.00000	297.97241	297.45269	368.62681	36.00000	142.49099	4.73443	2.73645	92.00000	389.91912	407.40923	298.54374	0.80236	2.83335	0.00010	0.00000	0.17222	0.07972	2023-03-23T20:52:36Z
a551475-4466930-092824-659_D17.CEL	86.00000	381.54085	2.35235	1.68545	160.00000	643.06869	642.47634	984.80978	84.00000	373.84065	4.66737	2.82995	282.00000	1057.95098	1118.03125	643.71986	0.80236	2.71890	0.00275	0.00000	0.21964	0.07045	2023-03-23T20:52:03Z
a551475-4466930-092824-659_D18.CEL	85.00000	365.56209	1.88420	1.58953	149.00000	581.07038	579.66989	760.18297	73.00000	275.41948	4.39488	2.91292	201.00000	802.27614	836.85268	582.60993	0.80068	2.76824	0.00218	0.00000	0.15580	0.07508	2023-03-23T20:51:16Z
a551475-4466930-092824-659_D19.CEL	46.00000	195.18301	2.01367	1.64099	77.00000	320.29336	318.32151	443.17754	46.00000	223.04673	3.89645	2.11453	112.00000	471.63971	495.01935	322.46099	0.75338	2.49150	0.00010	0.00000	0.21454	0.08274	2023-03-23T20:50:42Z
a551475-4466930-092824-659_D20.CEL	75.00000	325.87663	1.94779	1.60736	138.00000	523.80068	524.28710	675.04529	65.00000	227.37106	4.39460	3.10911	164.00000	706.92075	733.10417	523.26596	0.78885	2.75260	0.00078	0.00000	0.15999	0.08788	2023-03-23T20:50:09Z
a551475-4466930-092824-659_D21.CEL	90.00000	400.23529	1.89505	1.57423	158.00000	630.06306	624.67312	873.14312	93.00000	330.03266	4.33318	2.83307	251.00000	935.00408	985.81845	635.98818	0.81081	2.76670	0.00216	0.00000	0.17353	0.07553	2023-03-23T20:49:36Z
a551475-4466930-092824-659_D22.CEL	86.00000	375.00408	2.21803	1.65543	151.00000	620.79223	618.09785	889.58514	95.00000	369.09459	3.73222	2.57293	270.00000	949.65605	999.00000	623.75414	0.75845	2.52506	0.00246	0.00000	0.23487	0.07300	2023-03-23T20:49:04Z
a551475-4466930-092824-659_D23.CEL	81.00000	368.42320	2.31442	1.67242	158.00000	616.15991	616.87849	847.28986	78.00000	300.80743	4.63281	3.00302	224.00000	903.33007	949.36310	615.36998	0.80574	2.77334	0.00226	0.00000	0.17843	0.07566	2023-03-23T20:48:30Z
a551475-4466930-092824-659_D24.CEL	89.00000	385.66993	1.72107	1.54116	149.00000	594.38063	591.28065	772.34058	73.00000	287.01858	4.05075	2.85084	191.00000	818.24346	855.94940	597.78842	0.75507	2.63156	0.00096	0.00000	0.14849	0.08284	2023-03-23T20:47:56Z
a551475-4466930-092824-659_E01.CEL	74.00000	364.27206	2.68831	1.66716	152.00000	607.30011	604.79462	880.07971	63.00000	303.02759	6.32589	3.02990	190.00000	918.14461	949.41220	610.05437	0.87331	3.22377	0.00184	0.00000	0.12887	0.09072	2023-03-23T21:01:41Z
a551475-4466930-092824-659_E02.CEL	89.00000	376.13725	2.59585	1.77885	189.00000	669.09347	666.12688	1076.45652	86.00000	385.94426	5.08045	2.99475	317.00000	1155.80556	1220.98512	672.35461	0.83784	2.92918	0.00251	0.00000	0.21050	0.09886	2023-03-23T21:02:15Z
a551475-4466930-092824-659_E03.CEL	87.00000	393.79003	1.99598	1.59862	168.00000	629.52140	620.07527	943.08152	88.00000	354.85923	4.83414	2.81083	238.00000	997.44771	1042.10565	639.90544	0.84797	2.97924	0.00195	0.00000	0.13591	0.08065	2023-03-23T21:02:48Z
a551475-4466930-092824-659_E04.CEL	94.00000	416.21242	2.28197	1.61655	170.00000	672.82939	664.48495	1003.03261	94.00000	381.88288	4.79881	2.79980	299.00000	1069.19608	1123.54464	682.00236	0.80912	2.77290	0.00241	0.00000	0.21337	0.08203	2023-03-23T21:03:22Z
a551475-4466930-092824-659_E05.CEL	77.00000	341.20016	2.51277	1.70152	148.00000	580.55856	575.72473	778.81522	64.00000	246.08953	5.77618	3.38256	188.00000	832.41340	876.44048	585.87234	0.86149	3.13558	0.00172	0.00000	0.15120	0.08511	2023-03-23T21:03:56Z
a551475-4466930-092824-659_E06.CEL	109.00000	443.83252	2.20200	1.68003	200.00000	745.65203	740.11505	1155.50181	106.00000	417.56194	4.86786	2.97353	355.00000	1241.63235	1312.38244	751.73877	0.81926	2.78838	0.00299	0.00000	0.24612	0.09773	2023-03-23T21:04:30Z
a551475-4466930-092824-659_E07.CEL	81.00000	371.16667	1.81226	1.51415	137.00000	562.00225	555.60645	738.51268	77.00000	283.16554	4.69879	2.76042	193.00000	781.65605	817.09524	569.03310	0.81250	2.80368	0.00097	0.00000	0.16721	0.08326	2023-03-23T21:05:04Z
a551475-4466930-092824-659_E08.CEL	86.00000	368.49918	1.95905	1.56419	144.00000	576.40259	572.74409	818.91123	81.00000	323.52703	4.68125	2.65439	215.00000	858.76797	891.50744	580.42435	0.79392	2.69767	0.00197	0.00000	0.21604	0.08234	2023-03-23T21:05:37Z
a551475-4466930-092824-659_E09.CEL	109.00000	464.30065	2.16840	1.61537	202.00000	750.01858	743.69785	1129.36232	107.00000	429.79279	4.72040	2.77921	329.00000	1194.48448	1247.97768	756.96690	0.79730	2.69077	0.00270	0.00000	0.22538	0.08401	2023-03-23T21:06:11Z
a551475-4466930-092824-659_E10.CEL	87.00000	373.41667	2.45443	1.72421	175.00000	643.84797	644.90538	916.66667	76.00000	280.84065	5.51139	3.49288	235.00000	980.94199	1033.73958	642.68558	0.86149	3.07456	0.00199	0.00000	0.16091	0.09320	2023-03-23T21:06:45Z
a551475-4466930-092824-659_E11.CEL	76.00000	335.42075	1.69781	1.49825	124.00000	502.54336	497.43333	681.27717	76.00000	286.66554	3.89195	2.49139	185.00000	714.19526	741.23512	508.16076	0.78378	2.69224	0.00100	0.00000	0.18675	0.06818	2023-03-23T21:07:18Z
a551475-4466930-092824-659_E12.CEL	85.00000	368.81944	1.63609	1.50934	132.00000	556.67568	553.39570	785.27174	85.00000	342.93863	4.05536	2.42182	222.00000	830.53595	867.71726	560.28132	0.74155	2.48066	0.00197	0.00000	0.23116	0.08278	2023-03-23T21:08:05Z
a551475-4466930-092824-659_E13.CEL	79.00000	380.01062	2.53767	1.64953	160.00000	626.84065	625.33978	867.55797	73.00000	275.03378	5.49115	3.34686	232.00000	920.49837	963.98512	628.49054	0.85642	3.10473	0.00186	0.00000	0.13998	0.07676	2023-03-23T21:08:38Z
a551475-4466930-092824-659_E14.CEL	102.00000	450.71078	2.33843	1.63903	194.00000	738.72917	735.21505	1128.34058	117.00000	426.92568	4.47168	2.75804	336.00000	1177.47876	1217.84226	742.59220	0.77365	2.62106	0.00283	0.00000	0.23073	0.07662	2023-03-23T21:09:12Z
a551475-4466930-092824-659_E15.CEL	81.00000	349.96242	1.75553	1.53870	135.00000	538.48705	534.55914	712.70833	71.00000	280.70383	4.31327	2.64490	193.00000	742.43219	766.84821	542.80496	0.80574	2.78291	0.00162	0.00000	0.19601	0.07756	2023-03-23T21:09:45Z
a551475-4466930-092824-659_E16.CEL	82.00000	390.87663	1.70482	1.48995	139.00000	582.38626	577.33333	976.64312	131.00000	538.97579	2.68980	1.86900	234.00000	1007.34314	1032.56101	587.94090	0.68074	2.21805	0.00217	0.00000	0.29654	0.07964	2023-03-23T21:10:18Z
a551475-4466930-092824-659_E17.CEL	80.00000	371.44036	2.28990	1.64983	158.00000	612.81475	611.06129	844.84239	71.00000	277.78153	5.70237	3.24047	196.00000	900.14134	945.56548	614.74232	0.84291	3.02131	0.00047	0.00000	0.14162	0.08922	2023-03-23T21:10:51Z
a551475-4466930-092824-659_E18.CEL	105.00000	436.12092	1.88860	1.58105	180.00000	689.52703	686.61828	990.90761	103.00000	398.00056	4.40964	2.67450	280.00000	1064.45098	1124.86161	692.72459	0.73986	2.52946	0.00263	0.00000	0.21329	0.07705	2023-03-23T21:11:25Z
a551475-4466930-092824-659_E19.CEL	81.00000	385.17810	2.12488	1.57392	147.00000	606.23818	598.55161	828.83333	86.00000	333.01295	4.63433	2.64153	204.00000	879.66258	921.41518	614.68794	0.80068	2.84316	0.00090	0.00000	0.15216	0.07615	2023-03-23T21:11:59Z
a551475-4466930-092824-659_E20.CEL	81.00000	340.16667	1.54140	1.50436	126.00000	511.73311	510.55699	682.01630	71.00000	308.90709	3.89702	2.32341	183.00000	717.71895	747.04613	513.02600	0.75169	2.39523	0.00211	0.00000	0.23020	0.08535	2023-03-23T21:12:47Z
a551475-4466930-092824-659_E21.CEL	106.00000	447.58007	2.43218	1.68596	205.00000	754.60360	752.61398	1131.03804	105.00000	425.81869	4.86072	2.81234	322.00000	1197.54493	1252.17560	756.79078	0.78378	2.67482	0.00278	0.00000	0.27462	0.09715	2023-03-23T21:13:22Z
a551475-4466930-092824-659_E22.CEL	76.00000	307.13725	1.95261	1.61054	132.00000	494.65709	493.56882	606.22826	55.00000	207.43637	4.74170	3.08504	150.00000	639.94935	667.64881	495.85343	0.80912	2.84662	0.00062	0.00000	0.20104	0.13187	2023-03-23T21:13:55Z
a551475-4466930-092824-659_E23.CEL	88.00000	388.20507	1.91535	1.61139	165.00000	625.55124	624.02258	867.65036	78.00000	304.15372	5.46152	3.02749	216.00000	920.82271	964.50000	627.23168	0.81419	2.86847	0.00206	0.00000	0.15926	0.07314	2023-03-23T21:14:27Z
a551475-4466930-092824-659_E24.CEL	86.00000	369.42892	1.85072	1.56401	146.00000	577.79223	574.96022	789.63406	89.00000	326.50957	4.03605	2.57561	195.00000	840.96160	883.12351	580.90544	0.74324	2.51285	0.00210	0.00000	0.20427	0.07335	2023-03-23T21:15:14Z
a551475-4466930-092824-659_F01.CEL	101.00000	454.59886	2.36677	1.65460	192.00000	752.17793	751.26559	1209.73188	96.00000	467.53716	5.43707	2.75011	309.00000	1285.78023	1348.24851	753.18085	0.83108	2.98612	0.00282	0.00000	0.13019	0.07478	2023-03-23T21:29:39Z
a551475-4466930-092824-659_F02.CEL	81.00000	332.15441	1.84332	1.59517	133.00000	529.84234	528.91613	796.69565	60.00000	346.30631	4.83826	2.40805	167.00000	833.92157	864.50000	530.86052	0.80068	2.88239	0.00157	0.00000	0.12298	0.08578	2023-03-23T21:28:54Z
a551475-4466930-092824-659_F03.CEL	92.00000	403.06373	1.90714	1.54513	152.00000	622.78660	619.85161	958.75362	88.00000	422.09234	4.63963	2.40281	231.00000	1014.20752	1059.75893	626.01300	0.78378	2.74573	0.00219	0.00000	0.14375	0.07173	2023-03-23T21:28:21Z
a551475-4466930-092824-659_F04.CEL	86.00000	393.45261	1.84712	1.52915	148.00000	601.64752	602.33656	903.64312	90.00000	443.68525	3.89081	2.14423	225.00000	951.36111	990.55804	600.89007	0.73311	2.38503	0.00240	0.00000	0.22907	0.07951	2023-03-23T21:27:48Z
a551475-4466930-092824-659_F05.CEL	95.00000	401.49183	2.12418	1.63387	172.00000	655.98367	650.98710	985.59420	94.00000	382.42568	4.76235	2.71311	274.00000	1037.56373	1080.25298	661.47636	0.81757	2.79390	0.00225	0.00000	0.19809	0.07128	2023-03-23T21:27:14Z
a551475-4466930-092824-659_F06.CEL	91.00000	388.24755	1.84917	1.57645	154.00000	612.05405	606.70860	840.55978	75.00000	310.32827	4.52040	2.89329	207.00000	897.86846	944.94345	617.93026	0.77872	2.71536	0.00229	0.00000	0.14644	0.07959	2023-03-23T21:26:41Z
a551475-4466930-092824-659_F07.CEL	97.00000	419.46569	2.17712	1.64491	178.00000	689.98423	686.34624	979.98370	103.00000	384.46509	4.42168	2.71948	281.00000	1045.54657	1099.40179	693.98345	0.80236	2.69604	0.00265	0.00000	0.22736	0.07296	2023-03-23T21:26:08Z
a551475-4466930-092824-659_F08.CEL	72.00000	293.99428	1.52559	1.54133	115.00000	453.14077	451.13978	565.89674	51.00000	212.52252	4.37850	2.79579	131.00000	594.16912	617.39286	455.34043	0.77872	2.72842	0.00133	0.00000	0.17812	0.09773	2023-03-23T21:25:35Z
a551475-4466930-092824-659_F09.CEL	79.00000	366.68627	2.33556	1.65170	155.00000	605.65597	601.19032	887.92391	78.00000	325.34403	4.70144	2.90099	238.00000	943.81863	989.73214	610.56501	0.83108	2.84371	0.00206	0.00000	0.17574	0.07202	2023-03-23T21:25:01Z
a551475-4466930-092824-659_F10.CEL	84.00000	351.63480	1.81577	1.59775	135.00000	561.82320	560.19355	793.75543	76.00000	324.02421	3.96372	2.61659	224.00000	847.83742	892.26190	563.61466	0.73142	2.46571	0.00221	0.00000	0.22480	0.09330	2023-03-23T21:24:29Z
a551475-4466930-092824-659_F11.CEL	89.00000	369.42892	2.16522	1.67739	160.00000	619.67793	614.30860	984.51993	94.00000	421.68187	4.21154	2.48400	269.00000	1047.45588	1099.15327	625.58038	0.77196	2.55386	0.00231	0.00000	0.24311	0.07254	2023-03-23T21:23:57Z
a551475-4466930-092824-659_F12.CEL	69.00000	303.60866	1.61790	1.53370	120.00000	465.64414	463.48280	565.96739	55.00000	212.68694	4.25799	2.84384	133.00000	604.84804	636.78571	468.02009	0.74155	2.61413	0.00134	0.00001	0.16954	0.09245	2023-03-23T21:23:24Z
a551475-4466930-092824-659_F13.CEL	91.00000	406.62092	2.46636	1.70215	178.00000	692.13176	690.58817	1022.70109	85.00000	344.72128	5.04960	3.18237	282.00000	1097.03105	1158.08780	693.82861	0.81757	2.82395	0.00271	0.00000	0.20046	0.08454	2023-03-23T21:22:36Z
a551475-4466930-092824-659_F14.CEL	83.00000	340.66013	1.94046	1.63766	149.00000	557.88401	556.19247	757.19565	68.00000	256.48029	4.69430	3.13722	193.00000	804.63480	843.60268	559.74350	0.81081	2.89901	0.00177	0.00000	0.17135	0.09786	2023-03-23T21:22:04Z
a551475-4466930-092824-659_F15.CEL	78.00000	352.23203	2.34605	1.69458	153.00000	596.88682	591.71398	832.29710	74.00000	295.99212	4.89404	3.03166	226.00000	897.34641	950.77976	602.57329	0.81588	2.79206	0.00223	0.00000	0.23349	0.08814	2023-03-23T21:21:16Z
a551475-4466930-092824-659_F16.CEL	73.00000	325.17484	2.22580	1.68100	141.00000	546.61937	547.69892	779.76449	75.00000	327.08221	4.14329	2.54072	224.00000	831.02369	873.12946	545.43262	0.74831	2.45875	0.00206	0.00000	0.26578	0.07889	2023-03-23T21:20:44Z
a551475-4466930-092824-659_F17.CEL	91.00000	394.43137	2.19897	1.64051	166.00000	647.06869	645.43118	939.94384	93.00000	367.68863	4.45442	2.75166	272.00000	1011.75327	1070.73958	648.86879	0.76351	2.54465	0.00247	0.00000	0.24083	0.08474	2023-03-23T21:20:09Z
a551475-4466930-092824-659_F18.CEL	85.00000	383.02042	1.92168	1.57760	150.00000	604.25169	602.15699	796.04348	79.00000	289.16554	4.30332	2.92167	207.00000	844.84722	884.93601	606.55437	0.76351	2.62268	0.00225	0.00000	0.16121	0.07726	2023-03-23T21:19:23Z
a551475-4466930-092824-659_F19.CEL	83.00000	356.34641	2.28660	1.68518	155.00000	600.50619	598.20215	884.00181	72.00000	341.32714	4.72785	2.73606	250.00000	933.89216	974.87351	603.03901	0.78547	2.62471	0.00246	0.00000	0.24560	0.07526	2023-03-23T21:18:50Z
a551475-4466930-092824-659_F20.CEL	71.00000	319.53186	1.92379	1.60286	132.00000	512.16498	511.73763	653.09058	58.00000	232.89527	4.63444	2.95678	154.00000	688.61928	717.80357	512.63475	0.78378	2.75948	0.00198	0.00000	0.15858	0.08974	2023-03-23T21:18:17Z
a551475-4466930-092824-659_F21.CEL	90.00000	390.61193	2.14383	1.62683	166.00000	635.45833	634.79785	910.64130	79.00000	334.36318	4.74569	2.91082	246.00000	973.27124	1024.71726	636.18440	0.81588	2.84866	0.00233	0.00000	0.15788	0.07757	2023-03-23T21:17:28Z
a551475-4466930-092824-659_F22.CEL	89.00000	373.47549	1.94559	1.61193	157.00000	602.01689	598.52043	882.95652	80.00000	350.43074	4.89197	2.70154	224.00000	946.70180	999.06399	605.86052	0.75845	2.64424	0.00231	0.00000	0.18775	0.07765	2023-03-23T21:16:55Z
a551475-4466930-092824-659_F23.CEL	82.00000	348.31618	2.37188	1.71242	154.00000	596.46396	594.37204	910.11051	72.00000	385.80293	4.81969	2.48608	238.00000	959.13562	999.40625	598.76359	0.77365	2.57129	0.00232	0.00000	0.21520	0.07459	2023-03-23T21:16:22Z
a551475-4466930-092824-659_F24.CEL	93.00000	390.86193	1.77437	1.59800	159.00000	624.59572	620.98065	860.65942	80.00000	348.56926	4.33561	2.64385	205.00000	921.56536	971.59524	628.56974	0.75507	2.64518	0.00221	0.00000	0.13024	0.08298	2023-03-23T21:15:49Z
a551475-4466930-092824-659_G01.CEL	86.00000	403.61111	2.28880	1.61857	157.00000	653.27083	645.50860	992.63225	90.00000	416.82320	5.27247	2.52780	229.00000	1053.64379	1103.76042	661.80378	0.84459	2.96683	0.00206	0.00000	0.14370	0.07225	2023-03-23T21:30:14Z
a551475-4466930-092824-659_G02.CEL	86.00000	404.70425	2.40898	1.65611	175.00000	670.23367	664.43871	1023.09058	79.00000	380.83615	5.50752	2.84070	249.00000	1081.84232	1130.10268	676.60402	0.85642	3.10148	0.00204	0.00000	0.12441	0.08076	2023-03-23T21:30:48Z
a551475-4466930-092824-659_G03.CEL	81.00000	377.93382	2.66614	1.68260	158.00000	635.91273	632.30538	1046.26993	94.00000	471.79336	4.08860	2.34932	300.00000	1108.39542	1159.42708	639.87825	0.79392	2.65882	0.00235	0.00000	0.20789	0.06751	2023-03-23T21:31:23Z
a551475-4466930-092824-659_G04.CEL	87.00000	394.72794	2.40170	1.71339	199.00000	676.32095	670.54946	1037.56341	76.00000	352.81644	5.72502	3.12953	245.00000	1104.14951	1158.84524	682.66548	0.86486	3.09168	0.00211	0.00000	0.14994	0.09944	2023-03-23T21:31:56Z
a551475-4466930-092824-659_G05.CEL	75.00000	348.13889	1.62860	1.48593	123.00000	517.31025	510.19785	721.04710	74.00000	321.21002	4.06479	2.34986	177.00000	754.79984	782.52530	525.12884	0.78378	2.69110	0.00055	0.00000	0.14402	0.06770	2023-03-23T21:32:30Z
a551475-4466930-092824-659_G06.CEL	76.00000	363.56536	2.07815	1.57225	149.00000	571.61712	570.43118	821.76630	85.00000	344.32151	4.50000	2.51626	204.00000	866.40359	903.06994	572.92080	0.78378	2.67953	0.00193	0.00000	0.22165	0.07455	2023-03-23T21:33:17Z
a551475-4466930-092824-659_G07.CEL	82.00000	369.10784	2.37619	1.68354	159.00000	621.40822	618.10968	835.88225	71.00000	261.60923	5.56453	3.38157	200.00000	884.64951	924.70833	625.03428	0.84628	3.01611	0.00082	0.00000	0.14404	0.08256	2023-03-23T21:33:51Z
a551475-4466930-092824-659_G08.CEL	84.00000	364.65359	2.41916	1.70940	152.00000	623.33896	619.65699	947.26449	88.00000	366.45721	4.57493	2.73754	270.00000	1003.18954	1049.12798	627.38652	0.79392	2.71509	0.00210	0.00000	0.25421	0.07350	2023-03-23T21:34:39Z
a551475-4466930-092824-659_G09.CEL	86.00000	393.41258	2.27180	1.65645	171.00000	651.66948	648.58495	892.33333	81.00000	290.53547	5.26554	3.32686	240.00000	966.57026	1027.55060	655.06028	0.82939	2.99230	0.00200	0.00000	0.14732	0.07887	2023-03-23T21:35:12Z
a551475-4466930-092824-659_G10.CEL	89.00000	389.01389	2.45316	1.71934	171.00000	668.84628	665.84086	1058.39855	93.00000	425.20890	5.07449	2.66950	283.00000	1135.09314	1198.09226	672.15012	0.80912	2.72627	0.00245	0.00000	0.19280	0.07327	2023-03-23T21:35:45Z
a551475-4466930-092824-659_G11.CEL	82.00000	367.71650	1.54195	1.47957	126.00000	544.06137	541.76237	844.10145	88.00000	435.26464	3.89465	2.02758	193.00000	882.53431	914.10417	546.58865	0.73649	2.47929	0.00205	0.00000	0.19522	0.07863	2023-03-23T21:36:18Z
a551475-4466930-092824-659_G12.CEL	76.00000	353.17565	1.71787	1.48988	123.00000	526.19088	522.15806	676.28261	78.00000	287.93637	3.91188	2.47111	184.00000	711.52369	740.47173	530.62411	0.73480	2.49716	0.00053	0.00000	0.20298	0.07106	2023-03-23T21:36:52Z
a551475-4466930-092824-659_G13.CEL	92.00000	398.53595	1.67546	1.49250	148.00000	594.81306	592.15269	869.43297	102.00000	389.41948	3.75705	2.31883	246.00000	902.99918	930.57143	597.73759	0.72973	2.41258	0.00205	0.00001	0.22183	0.07307	2023-03-23T21:37:25Z
a551475-4466930-092824-659_G14.CEL	73.00000	337.80801	2.02438	1.56194	130.00000	527.63682	525.37097	692.39855	74.00000	260.40146	4.49158	2.79401	177.00000	727.56454	756.45089	530.12766	0.80743	2.82578	0.00033	0.00000	0.18937	0.07425	2023-03-23T21:37:58Z
a551475-4466930-092824-659_G15.CEL	91.00000	397.79330	1.88122	1.54891	148.00000	616.14471	615.88387	873.15942	93.00000	386.15484	3.87882	2.38834	255.00000	922.26797	962.60714	616.43144	0.75338	2.45702	0.00217	0.00000	0.25696	0.08705	2023-03-23T21:38:31Z
a551475-4466930-092824-659_G16.CEL	86.00000	385.67810	1.99674	1.56349	152.00000	603.00282	600.56882	787.86594	77.00000	275.97917	4.36524	3.01341	214.00000	831.63889	867.59524	605.67849	0.79223	2.78161	0.00038	0.00000	0.14926	0.09091	2023-03-23T21:39:06Z
a551475-4466930-092824-659_G17.CEL	86.00000	368.24265	1.86181	1.56912	143.00000	577.81757	568.91613	772.23370	80.00000	284.48536	4.65104	2.84634	206.00000	809.74346	840.55506	587.60284	0.80236	2.79314	0.00036	0.00000	0.16924	0.07699	2023-03-23T21:39:39Z
a551475-4466930-092824-659_G18.CEL	80.00000	349.45670	1.69444	1.51700	130.00000	530.12444	529.32903	726.56159	78.00000	331.11205	3.84422	2.31771	203.00000	767.42320	800.98810	530.99882	0.73142	2.42213	0.00200	0.00000	0.23439	0.07524	2023-03-23T21:40:12Z
a551475-4466930-092824-659_G19.CEL	81.00000	380.04820	2.26745	1.61963	159.00000	615.53604	613.38387	856.43478	68.00000	298.38119	5.27058	3.01258	202.00000	898.89706	933.77679	617.90189	0.84291	3.00461	0.00187	0.00000	0.13372	0.07739	2023-03-23T21:40:59Z
a551475-4466930-092824-659_G20.CEL	91.00000	401.41095	1.69160	1.51142	147.00000	606.70045	602.67527	849.75362	88.00000	399.03941	3.89080	2.22035	235.00000	886.00654	915.78571	611.12530	0.70777	2.35890	0.00235	0.00000	0.22456	0.07600	2023-03-23T21:41:33Z
a551475-4466930-092824-659_G21.CEL	77.00000	336.66013	2.12519	1.61577	137.00000	543.96565	540.42473	726.80978	67.00000	252.95552	4.74611	3.03456	187.00000	767.60948	801.12351	547.85816	0.85135	3.10367	0.00055	0.00000	0.15256	0.08842	2023-03-23T21:42:06Z
a551475-4466930-092824-659_G22.CEL	84.00000	398.29167	1.81576	1.51938	158.00000	605.15709	602.42903	850.98188	88.00000	398.58333	4.04799	2.24296	235.00000	894.00490	929.34524	608.15603	0.70946	2.34978	0.00230	0.00000	0.22650	0.07748	2023-03-23T21:42:51Z
a551475-4466930-092824-659_G23.CEL	84.00000	378.72386	2.08544	1.54297	146.00000	584.35811	580.47312	815.95471	80.00000	329.55968	4.56389	2.60704	235.00000	859.17565	894.67857	588.62884	0.80574	2.75429	0.00189	0.00000	0.18133	0.08664	2023-03-23T21:43:24Z
a551475-4466930-092824-659_G24.CEL	85.00000	394.27288	1.84469	1.53569	160.00000	605.48029	602.49247	830.96196	79.00000	316.36881	4.42700	2.76245	228.00000	873.95343	909.26786	608.76478	0.79561	2.74746	0.00211	0.00000	0.16024	0.08045	2023-03-23T21:43:58Z
a551475-4466930-092824-659_H01.CEL	97.00000	464.58252	1.88312	1.51044	176.00000	701.72241	698.66774	1047.76812	106.00000	449.16554	4.03378	2.45435	290.00000	1102.41095	1147.29613	705.08038	0.76858	2.63897	0.00239	0.00000	0.16576	0.09751	2023-03-23T21:59:06Z
a551475-4466930-092824-659_H02.CEL	84.00000	350.98121	1.64462	1.53004	138.00000	537.01689	535.93978	790.25906	75.00000	366.40541	4.05480	2.26811	192.00000	831.04902	864.55506	538.20095	0.74493	2.56935	0.00207	0.00000	0.16325	0.07722	2023-03-23T21:58:32Z
a551475-4466930-092824-659_H03.CEL	74.00000	329.93873	1.94368	1.61138	137.00000	531.65597	525.08172	756.01268	58.00000	298.18525	5.32103	2.63555	157.00000	785.88317	810.41964	538.88298	0.84291	2.99249	0.00080	0.00000	0.12442	0.08478	2023-03-23T21:57:45Z
a551475-4466930-092824-659_H04.CEL	78.00000	356.28513	1.77786	1.51964	135.00000	541.42680	538.95914	773.11051	71.00000	356.05687	4.39200	2.29745	182.00000	818.02451	854.91815	544.13948	0.74324	2.55778	0.00213	0.00000	0.14987	0.06599	2023-03-23T21:57:11Z
a551475-4466930-092824-659_H05.CEL	101.00000	430.83905	2.12269	1.65463	192.00000	712.88119	710.47849	1130.75906	100.00000	463.99775	4.70542	2.64082	327.00000	1225.33252	1303.01786	715.52246	0.80236	2.77999	0.00290	0.00000	0.16352	0.07033	2023-03-23T21:56:24Z
a551475-4466930-092824-659_H06.CEL	70.00000	299.30147	1.84227	1.56960	125.00000	469.78435	468.41505	606.61413	56.00000	229.97917	4.18317	2.79025	147.00000	641.69853	670.51786	471.28960	0.77534	2.73215	0.00119	0.00000	0.16411	0.08600	2023-03-23T21:55:50Z
a551475-4466930-092824-659_H07.CEL	92.00000	421.62663	2.08791	1.58260	170.00000	667.26802	665.98280	934.94384	96.00000	367.46396	4.82530	2.66636	260.00000	979.79248	1016.63244	668.68085	0.78378	2.68260	0.00231	0.00000	0.19246	0.06722	2023-03-23T21:55:16Z
a551475-4466930-092824-659_H08.CEL	88.00000	388.55147	1.81128	1.54350	150.00000	599.72748	595.29677	816.99275	83.00000	305.96509	4.18015	2.80723	223.00000	858.91340	893.34821	604.59811	0.76351	2.63579	0.00222	0.00000	0.17115	0.07679	2023-03-23T21:54:42Z
a551475-4466930-092824-659_H09.CEL	86.00000	369.64951	1.69702	1.55334	144.00000	574.19313	569.73118	810.66486	96.00000	347.96115	3.58372	2.49441	242.00000	867.95670	915.01786	579.09811	0.68581	2.27899	0.00205	0.00000	0.22820	0.07792	2023-03-23T21:54:09Z
a551475-4466930-092824-659_H10.CEL	83.00000	371.75082	1.88831	1.56255	144.00000	580.87894	578.12366	816.35688	88.00000	350.45101	3.97701	2.45043	226.00000	858.75490	893.58185	583.90780	0.74493	2.54595	0.00211	0.00000	0.21915	0.08079	2023-03-23T21:53:36Z
a551475-4466930-092824-659_H11.CEL	79.00000	332.31046	1.49517	1.48489	119.00000	493.44595	491.90000	607.10145	70.00000	254.70890	3.90159	2.54323	153.00000	647.78350	681.20089	495.14539	0.72804	2.50752	0.00044	0.00000	0.16992	0.09087	2023-03-23T21:53:03Z
a551475-4466930-092824-659_H12.CEL	71.00000	299.94935	1.80714	1.57322	123.00000	471.88570	472.92796	604.94384	55.00000	210.69200	4.51389	3.01317	156.00000	634.85049	659.41667	470.73995	0.80068	2.83152	0.00071	0.00000	0.16587	0.09480	2023-03-23T21:52:30Z
a551475-4466930-092824-659_H13.CEL	97.00000	428.81291	2.44539	1.69889	184.00000	728.50563	725.65054	975.80797	84.00000	313.84572	6.09800	3.36572	240.00000	1056.31699	1122.44940	731.64421	0.84628	3.05515	0.00247	0.00000	0.15587	0.06923	2023-03-23T21:51:43Z
a551475-4466930-092824-659_H14.CEL	78.00000	315.44690	1.91924	1.62300	127.00000	511.97016	512.99570	740.50725	63.00000	316.57095	4.48062	2.47203	198.00000	782.57353	817.12798	510.84279	0.76182	2.52894	0.00224	0.00000	0.23509	0.07154	2023-03-23T21:50:56Z
a551475-4466930-092824-659_H15.CEL	83.00000	360.36438	1.96048	1.59397	148.00000	574.40935	572.01290	751.78986	71.00000	255.10755	4.73221	3.14303	190.00000	801.81046	842.89881	577.04374	0.81926	2.89652	0.00178	0.00000	0.15568	0.08479	2023-03-23T21:49:55Z
a551475-4466930-092824-659_H16.CEL	78.00000	330.61111	1.79432	1.60107	136.00000	529.33108	526.92366	710.73007	73.00000	282.05011	4.08676	2.68273	199.00000	756.66503	794.39732	531.97754	0.74155	2.51287	0.00219	0.00000	0.21689	0.07145	2023-03-23T21:49:22Z
a551475-4466930-092824-659_H17.CEL	87.00000	365.25245	2.32438	1.71078	167.00000	624.86655	620.11613	908.60870	83.00000	315.65766	4.98796	3.11372	249.00000	982.86928	1043.86905	630.08865	0.81757	2.78634	0.00230	0.00000	0.20457	0.07623	2023-03-23T21:48:48Z
a551475-4466930-092824-659_H18.CEL	76.00000	338.50490	1.66001	1.50474	124.00000	509.36261	509.16882	624.00181	64.00000	236.55124	4.07570	2.77447	160.00000	656.30474	682.83929	509.57565	0.74662	2.60532	0.00185	0.00000	0.15449	0.07934	2023-03-23T21:48:02Z
a551475-4466930-092824-659_H19.CEL	88.00000	369.31781	1.95988	1.64110	162.00000	606.08840	606.35699	838.23551	73.00000	327.36261	4.55392	2.76406	232.00000	904.84967	959.56845	605.79314	0.78209	2.62586	0.00224	0.00000	0.22330	0.09219	2023-03-23T21:47:15Z
a551475-4466930-092824-659_H20.CEL	80.00000	355.69853	1.78613	1.56428	145.00000	556.41216	555.84301	705.26812	68.00000	279.58277	4.45120	2.71040	167.00000	757.78023	800.91518	557.03783	0.76182	2.64163	0.00219	0.00000	0.15492	0.07381	2023-03-23T21:46:42Z
a551475-4466930-092824-659_H21.CEL	85.00000	359.70343	2.00681	1.61846	144.00000	582.16385	579.50860	853.65217	75.00000	351.66216	4.38928	2.56771	240.00000	902.96814	943.47768	585.08274	0.79392	2.69182	0.00225	0.00000	0.18525	0.06326	2023-03-23T21:46:09Z
a551475-4466930-092824-659_H22.CEL	81.00000	379.74346	1.88167	1.54032	149.00000	584.92736	585.29355	809.29891	85.00000	344.91667	3.91551	2.49411	220.00000	860.26062	902.12202	584.52482	0.74324	2.50438	0.00231	0.00000	0.17749	0.07480	2023-03-23T21:45:36Z
a551475-4466930-092824-659_H23.CEL	84.00000	354.18056	1.69561	1.57209	144.00000	556.80236	554.82258	741.94746	63.00000	277.43187	4.47964	2.85226	179.00000	791.30719	831.85268	558.97872	0.78885	2.75406	0.00195	0.00000	0.13907	0.08614	2023-03-23T21:45:03Z
a551475-4466930-092824-659_H24.CEL	83.00000	355.56863	1.86900	1.62346	142.00000	577.25000	575.19462	816.10688	79.00000	350.67905	3.96610	2.50480	221.00000	878.38235	929.53720	579.50946	0.75507	2.50200	0.00210	0.00000	0.20218	0.07475	2023-03-23T21:44:30Z
a551475-4466930-092824-659_I01.CEL	107.00000	475.32271	1.80400	1.49066	174.00000	708.54392	708.13441	1028.81341	120.00000	463.30293	3.86313	2.34332	275.00000	1085.66503	1132.36458	708.99409	0.74324	2.56009	0.00238	0.00000	0.16423	0.08274	2023-03-23T21:59:38Z
a551475-4466930-092824-659_I02.CEL	87.00000	403.31209	2.66626	1.70259	184.00000	686.67568	685.47957	1066.34783	77.00000	349.33953	6.34005	3.25920	261.00000	1138.56781	1197.89137	687.99054	0.88176	3.21241	0.00234	0.00000	0.15903	0.10516	2023-03-23T22:00:12Z
a551475-4466930-092824-659_I03.CEL	82.00000	364.44363	2.62985	1.73234	172.00000	631.33953	631.95376	996.94746	78.00000	366.46959	5.22513	2.89238	265.00000	1059.96977	1111.73810	630.66430	0.85135	2.97944	0.00223	0.00000	0.19279	0.09646	2023-03-23T22:00:44Z
a551475-4466930-092824-659_I04.CEL	81.00000	374.34314	2.66224	1.66908	163.00000	624.80968	618.24409	901.99094	74.00000	309.28491	5.53777	3.04806	210.00000	942.71814	976.17262	632.02719	0.85642	3.06545	0.00188	0.00000	0.14634	0.10009	2023-03-23T22:01:18Z
a551475-4466930-092824-659_I05.CEL	94.00000	427.90686	2.34594	1.66211	193.00000	711.22804	706.90215	1042.81159	100.00000	391.72579	4.48921	2.80706	317.00000	1099.59886	1146.24554	715.98345	0.81250	2.79629	0.00246	0.00000	0.18389	0.07792	2023-03-23T22:01:51Z
a551475-4466930-092824-659_I06.CEL	77.00000	345.76471	2.25179	1.69676	158.00000	586.67962	587.04301	767.76268	62.00000	240.30124	5.16944	3.39116	196.00000	814.89951	853.61905	586.28014	0.83446	2.96473	0.00038	0.00000	0.15246	0.09210	2023-03-23T22:02:24Z
a551475-4466930-092824-659_I07.CEL	89.00000	378.72222	2.16351	1.67272	171.00000	633.49718	630.60538	893.67210	84.00000	321.64977	4.95192	3.03119	249.00000	974.98284	1041.77381	636.67612	0.81081	2.80435	0.00215	0.00000	0.20958	0.08510	2023-03-23T22:02:57Z
a551475-4466930-092824-659_I08.CEL	98.00000	411.02206	2.70891	1.72235	179.00000	707.92342	709.02258	1067.62319	82.00000	314.39527	5.50073	3.58463	312.00000	1126.99101	1175.75744	706.71513	0.84459	3.02389	0.00129	0.00000	0.14688	0.08161	2023-03-23T22:03:29Z
a551475-4466930-092824-659_I09.CEL	90.00000	389.55474	2.56884	1.68778	167.00000	657.48198	655.09032	985.09058	92.00000	368.64640	4.89154	2.82400	275.00000	1041.05882	1087.03274	660.11111	0.80068	2.73325	0.00235	0.00000	0.20775	0.07572	2023-03-23T22:04:02Z
a551475-4466930-092824-659_I10.CEL	79.00000	364.23203	2.52562	1.67103	155.00000	608.64358	607.29355	949.44928	80.00000	393.80405	5.05142	2.50596	194.00000	986.85539	1017.58185	610.12766	0.85304	3.01618	0.00073	0.00000	0.16086	0.09185	2023-03-23T22:04:36Z
a551475-4466930-092824-659_I11.CEL	80.00000	367.88725	2.02467	1.57965	155.00000	581.13288	577.18495	849.64312	87.00000	336.07658	4.76720	2.64485	224.00000	888.87092	921.09375	585.47281	0.78041	2.70416	0.00207	0.00000	0.22718	0.09594	2023-03-23T22:05:09Z
a551475-4466930-092824-659_I12.CEL	111.00000	467.87418	2.31660	1.69242	213.00000	791.83840	792.32473	1174.86232	105.00000	434.64133	4.90072	2.90405	353.00000	1262.21814	1333.97470	791.30378	0.80912	2.74954	0.00295	0.00000	0.20561	0.08233	2023-03-23T22:05:42Z
a551475-4466930-092824-659_I13.CEL	88.00000	414.10049	2.13825	1.55735	158.00000	644.90034	640.16237	911.25000	92.00000	368.34685	4.82314	2.61095	243.00000	961.73366	1003.20238	650.10875	0.77872	2.64833	0.00224	0.00000	0.19061	0.06770	2023-03-23T22:06:28Z
a551475-4466930-092824-659_I14.CEL	75.00000	349.38971	1.99185	1.55096	140.00000	541.88851	541.24624	747.94022	71.00000	291.24887	4.42828	2.68854	193.00000	783.03350	811.86012	542.59456	0.80743	2.82529	0.00163	0.00000	0.20890	0.07368	2023-03-23T22:07:14Z
a551475-4466930-092824-659_I15.CEL	85.00000	365.08088	1.64696	1.50705	134.00000	550.19482	543.11720	764.08696	83.00000	329.95439	4.11742	2.43486	213.00000	803.39216	835.67857	557.97518	0.73818	2.47243	0.00208	0.00000	0.22874	0.07325	2023-03-23T22:08:01Z
a551475-4466930-092824-659_I16.CEL	80.00000	359.67647	2.25964	1.67329	163.00000	601.84291	602.63441	802.24638	69.00000	257.20158	4.94351	3.31072	215.00000	851.52206	891.99851	600.97281	0.84459	3.01221	0.00075	0.00000	0.14610	0.09330	2023-03-23T22:08:34Z
a551475-4466930-092824-659_I17.CEL	95.00000	433.00490	2.37015	1.62852	170.00000	705.15653	705.07849	1058.06703	104.00000	421.04673	4.75612	2.65320	292.00000	1117.12255	1165.63244	705.24232	0.82095	2.81246	0.00243	0.00000	0.21409	0.07626	2023-03-23T22:09:07Z
a551475-4466930-092824-659_I18.CEL	79.00000	352.16503	2.14122	1.62881	149.00000	573.60923	570.10215	774.84058	68.00000	257.88570	5.45613	3.15493	184.00000	813.61193	845.45982	577.46454	0.83446	2.97056	0.00075	0.00000	0.14692	0.08917	2023-03-23T22:09:42Z
a551475-4466930-092824-659_I19.CEL	81.00000	363.45016	1.80465	1.52868	138.00000	555.60023	553.95161	730.63949	71.00000	301.17793	4.58145	2.53928	184.00000	764.77451	792.81399	557.41253	0.79561	2.71545	0.00188	0.00000	0.18793	0.08174	2023-03-23T22:10:29Z
a551475-4466930-092824-659_I20.CEL	81.00000	336.62337	1.55109	1.50902	120.00000	507.97016	504.32043	640.72645	67.00000	256.92117	4.06131	2.61040	161.00000	670.66748	695.26190	511.98227	0.76182	2.65003	0.00090	0.00000	0.16714	0.07102	2023-03-23T22:11:01Z
a551475-4466930-092824-659_I21.CEL	81.00000	361.23203	2.07463	1.58190	142.00000	571.43243	567.78172	807.28261	81.00000	333.58446	4.45251	2.53235	223.00000	844.75163	875.52976	575.44563	0.80236	2.69895	0.00093	0.00000	0.18867	0.07316	2023-03-23T22:11:34Z
a551475-4466930-092824-659_I22.CEL	74.00000	332.83578	1.91844	1.60646	137.00000	534.68806	531.60430	717.86051	60.00000	249.31869	4.42888	3.02288	184.00000	753.66095	783.06845	538.07801	0.80574	2.85883	0.00102	0.00000	0.13838	0.09121	2023-03-23T22:12:08Z
a551475-4466930-092824-659_I23.CEL	77.00000	351.54984	1.88932	1.56047	142.00000	548.58333	549.03656	755.01087	76.00000	312.84347	4.41196	2.53315	198.00000	792.47958	823.25744	548.08511	0.78885	2.73434	0.00075	0.00000	0.18830	0.07422	2023-03-23T22:12:43Z
a551475-4466930-092824-659_I24.CEL	81.00000	356.76797	1.77570	1.55368	145.00000	554.30236	552.30430	740.36051	68.00000	288.69538	4.43779	2.72144	186.00000	785.66748	822.88393	556.49882	0.79561	2.73782	0.00131	0.00000	0.16730	0.08347	2023-03-23T22:13:17Z
a551475-4466930-092824-659_J01.CEL	82.00000	370.42647	2.14058	1.62201	160.00000	600.83502	597.09355	868.63043	69.00000	310.10698	5.35544	2.96746	206.00000	920.23039	962.61607	604.94799	0.85473	3.05642	0.00189	0.00000	0.14014	0.10276	2023-03-23T22:27:44Z
a551475-4466930-092824-659_J02.CEL	74.00000	336.62582	1.71720	1.51517	128.00000	510.04448	507.95484	753.38406	75.00000	345.29054	3.99449	2.27684	183.00000	786.17157	813.10417	512.34161	0.73986	2.50280	0.00189	0.00000	0.18927	0.08619	2023-03-23T22:27:12Z
a551475-4466930-092824-659_J03.CEL	79.00000	347.36029	1.94243	1.56809	136.00000	544.69200	537.77849	757.47101	68.00000	294.27984	4.68932	2.69401	182.00000	792.79412	821.80952	552.29196	0.82601	2.93672	0.00151	0.00000	0.13981	0.06858	2023-03-23T22:26:39Z
a551475-4466930-092824-659_J04.CEL	78.00000	303.82843	1.77736	1.62658	127.00000	494.20270	490.56022	737.00000	58.00000	341.32658	4.13803	2.29503	192.00000	783.35458	821.43155	498.20686	0.74324	2.47640	0.00204	0.00000	0.21868	0.09337	2023-03-23T22:26:04Z
a551475-4466930-092824-659_J05.CEL	89.00000	391.14052	2.34374	1.69712	176.00000	663.81250	661.03441	999.46558	87.00000	348.55124	4.51845	3.06993	300.00000	1070.02859	1127.99107	666.86643	0.83615	2.91972	0.00245	0.00000	0.14909	0.06609	2023-03-23T22:25:31Z
a551475-4466930-092824-659_J06.CEL	75.00000	321.37173	1.90202	1.59124	120.00000	511.38063	511.02473	745.91123	75.00000	348.59516	3.45161	2.26839	206.00000	790.74918	827.58036	511.77187	0.71622	2.34938	0.00203	0.00000	0.24492	0.07765	2023-03-23T22:24:58Z
a551475-4466930-092824-659_J07.CEL	88.00000	386.32761	2.03972	1.60516	155.00000	620.11937	617.84409	805.76087	72.00000	279.19876	5.08680	3.08273	200.00000	860.69444	905.81845	622.62057	0.82432	2.92661	0.00127	0.00000	0.14951	0.09315	2023-03-23T22:24:10Z
a551475-4466930-092824-659_J08.CEL	73.00000	320.02614	1.35926	1.46627	121.00000	469.24550	466.47634	608.66304	70.00000	282.77759	3.28305	2.27663	167.00000	643.77941	672.62500	472.28960	0.69257	2.26419	0.00197	0.00000	0.23730	0.08478	2023-03-23T22:23:36Z
a551475-4466930-092824-659_J09.CEL	87.00000	366.24428	1.83236	1.58957	147.00000	582.16948	577.04194	855.28261	97.00000	368.04167	3.71713	2.46984	246.00000	909.00245	953.12946	587.80615	0.74324	2.43940	0.00211	0.00000	0.25331	0.08041	2023-03-23T22:23:03Z
a551475-4466930-092824-659_J10.CEL	92.00000	402.13072	2.18965	1.64028	156.00000	659.60867	660.06344	1051.50362	94.00000	449.51802	4.20209	2.46886	277.00000	1109.79739	1157.68155	659.10875	0.76351	2.54808	0.00271	0.00000	0.16909	0.07444	2023-03-23T22:22:16Z
a551475-4466930-092824-659_J11.CEL	73.00000	317.08742	1.90681	1.57373	124.00000	499.01126	497.56129	649.59058	63.00000	246.76014	4.60606	2.77097	149.00000	683.76552	711.83780	500.60520	0.80574	2.83382	0.00054	0.00000	0.15816	0.08977	2023-03-23T22:21:43Z
a551475-4466930-092824-659_J12.CEL	72.00000	320.78268	1.53804	1.46964	113.00000	471.43637	472.29355	635.55978	68.00000	289.93637	3.59588	2.30329	172.00000	667.80719	694.29613	470.49409	0.73480	2.35219	0.00194	0.00000	0.23287	0.09116	2023-03-23T22:21:09Z
a551475-4466930-092824-659_J13.CEL	82.00000	346.83497	1.96316	1.59814	149.00000	554.29223	552.62366	722.27536	67.00000	260.50056	4.49403	2.93528	190.00000	764.64216	799.44345	556.12648	0.81757	2.86663	0.00073	0.00000	0.15161	0.08431	2023-03-23T22:20:23Z
a551475-4466930-092824-659_J14.CEL	82.00000	343.37745	1.56336	1.52164	120.00000	522.49831	522.04194	733.90761	79.00000	324.87950	3.51312	2.35652	200.00000	765.58578	791.60714	523.00000	0.71791	2.31086	0.00215	0.00000	0.25086	0.08316	2023-03-23T22:19:50Z
a551475-4466930-092824-659_J15.CEL	84.00000	378.73529	1.78514	1.52816	144.00000	578.76633	577.55269	733.03623	82.00000	284.63682	4.38267	2.78555	182.00000	792.86928	842.01786	580.10047	0.72973	2.49954	0.00202	0.00000	0.18259	0.07791	2023-03-23T22:19:17Z
a551475-4466930-092824-659_J16.CEL	88.00000	349.75408	1.21784	1.51579	130.00000	530.15372	531.73441	714.66486	83.00000	355.28491	2.88782	2.15390	178.00000	765.24837	806.79911	528.41608	0.58615	1.98172	0.00218	0.00000	0.25732	0.07540	2023-03-23T22:18:43Z
a551475-4466930-092824-659_J17.CEL	72.00000	318.79984	2.17821	1.66166	131.00000	529.73818	527.34731	748.39855	68.00000	295.49718	4.46152	2.71605	189.00000	802.58578	847.09673	532.36643	0.78716	2.69992	0.00196	0.00000	0.23658	0.07959	2023-03-23T22:18:11Z
a551475-4466930-092824-659_J18.CEL	86.00000	364.84641	1.67663	1.55094	142.00000	565.85473	565.61075	814.73188	85.00000	358.50056	3.50069	2.40538	222.00000	862.33007	901.42857	566.12293	0.68074	2.24474	0.00235	0.00000	0.26422	0.08804	2023-03-23T22:17:38Z
a551475-4466930-092824-659_J19.CEL	73.00000	311.87092	2.04623	1.64288	142.00000	512.36712	509.82151	641.07971	54.00000	204.33164	5.13580	3.32849	153.00000	680.11520	712.18006	515.16548	0.82770	2.98400	0.00041	0.00000	0.14317	0.08591	2023-03-23T22:16:52Z
a551475-4466930-092824-659_J20.CEL	83.00000	343.06127	1.61294	1.53797	128.00000	527.61655	523.83118	701.02899	71.00000	291.59122	4.17298	2.57817	180.00000	751.77124	793.45238	531.77778	0.72804	2.43646	0.00213	0.00000	0.21030	0.07867	2023-03-23T22:16:18Z
a551475-4466930-092824-659_J21.CEL	92.00000	411.73203	2.06340	1.58318	164.00000	651.84516	648.78172	928.54710	95.00000	386.11993	4.49327	2.57558	259.00000	994.48284	1048.64435	655.21277	0.75845	2.55636	0.00243	0.00000	0.22754	0.07556	2023-03-23T22:15:45Z
a551475-4466930-092824-659_J22.CEL	79.00000	348.86275	2.27132	1.66218	153.00000	579.87162	577.75699	815.89674	73.00000	294.45608	5.25525	2.95241	194.00000	869.35621	913.26935	582.19622	0.79054	2.74109	0.00202	0.00000	0.20202	0.07946	2023-03-23T22:14:58Z
a551475-4466930-092824-659_J23.CEL	77.00000	333.45833	1.91805	1.60979	133.00000	536.79842	535.13333	688.96377	59.00000	235.10191	4.94050	3.10578	161.00000	730.17565	764.02827	538.62884	0.80405	2.82031	0.00084	0.00000	0.14345	0.09512	2023-03-23T22:14:24Z
a551475-4466930-092824-659_J24.CEL	86.00000	383.55882	2.08529	1.59340	155.00000	611.16273	611.68280	870.00181	92.00000	348.40541	4.20223	2.65588	251.00000	925.32353	970.76637	610.59102	0.77703	2.62408	0.00222	0.00000	0.22276	0.09684	2023-03-23T22:13:50Z
a551475-4466930-092824-659_K01.CEL	87.00000	412.33987	2.61947	1.67507	186.00000	690.69707	687.93333	1018.31522	80.00000	340.06982	5.58320	3.19609	265.00000	1086.89461	1143.22768	693.73522	0.85980	3.08107	0.00206	0.00000	0.13330	0.08861	2023-03-23T22:28:17Z
a551475-4466930-092824-659_K02.CEL	82.00000	408.44118	1.75905	1.46927	149.00000	600.10980	598.07419	851.40580	90.00000	391.23649	3.82664	2.27909	233.00000	891.66176	924.72917	602.34752	0.72804	2.48726	0.00209	0.00000	0.20103	0.08260	2023-03-23T22:28:51Z
a551475-4466930-092824-659_K03.CEL	71.00000	317.36846	2.15246	1.65327	138.00000	524.69426	520.13978	707.65036	53.00000	249.31081	5.68596	3.01037	163.00000	750.51797	785.73065	529.70095	0.84291	3.05434	0.00030	0.00000	0.13175	0.07996	2023-03-23T22:29:24Z
a551475-4466930-092824-659_K04.CEL	85.00000	382.34886	2.84354	1.76016	168.00000	672.99493	670.79355	1028.76087	87.00000	357.95327	5.82503	3.06054	265.00000	1095.53023	1150.37649	675.41489	0.84459	2.96800	0.00224	0.00000	0.17344	0.07084	2023-03-23T22:29:57Z
a551475-4466930-092824-659_K05.CEL	85.00000	376.66830	2.04680	1.60319	158.00000	603.87162	596.41398	838.58152	77.00000	290.66779	5.31547	3.04403	205.00000	884.80065	922.76637	612.06974	0.83784	2.95927	0.00064	0.00000	0.13586	0.08778	2023-03-23T22:30:30Z
a551475-4466930-092824-659_K06.CEL	77.00000	336.34722	2.59174	1.73100	154.00000	582.21565	579.72796	860.36413	75.00000	301.34403	4.92255	3.02228	255.00000	910.74673	952.13244	584.95035	0.84966	2.90726	0.00203	0.00000	0.20947	0.08014	2023-03-23T22:31:04Z
a551475-4466930-092824-659_K07.CEL	94.00000	408.87582	2.21297	1.62696	168.00000	665.22523	660.47957	951.58333	91.00000	330.43919	5.11474	3.08156	258.00000	1018.26716	1073.04315	670.44208	0.83277	2.92924	0.00204	0.00000	0.16605	0.07369	2023-03-23T22:31:37Z
a551475-4466930-092824-659_K08.CEL	94.00000	409.95915	1.73762	1.52877	150.00000	626.73423	621.90968	878.98370	105.00000	383.79054	3.52750	2.39705	269.00000	919.96324	953.62500	632.03783	0.74662	2.52310	0.00212	0.00000	0.23166	0.07688	2023-03-23T22:32:09Z
a551475-4466930-092824-659_K09.CEL	91.00000	402.38480	1.98817	1.57771	164.00000	634.84516	633.70538	876.84783	81.00000	303.99493	5.36788	3.07292	218.00000	934.15359	981.22619	636.09811	0.81588	2.89332	0.00186	0.00000	0.15163	0.08384	2023-03-23T22:32:42Z
a551475-4466930-092824-659_K10.CEL	86.00000	406.55637	2.43092	1.62612	153.00000	661.10755	658.08602	1021.19746	98.00000	414.34403	4.84859	2.60391	263.00000	1078.91258	1126.32143	664.42908	0.78041	2.64407	0.00217	0.00000	0.19343	0.07162	2023-03-23T22:33:16Z
a551475-4466930-092824-659_K11.CEL	80.00000	368.68382	2.42074	1.66351	151.00000	613.30743	608.21183	903.73732	84.00000	347.30180	4.79895	2.75915	251.00000	958.25817	1003.04315	618.90898	0.82095	2.79222	0.00236	0.00000	0.23561	0.06895	2023-03-23T22:33:50Z
a551475-4466930-092824-659_K12.CEL	90.00000	377.93464	1.87407	1.59580	155.00000	603.10867	601.55484	835.56703	81.00000	293.59009	4.41414	3.01031	249.00000	883.79739	923.41518	604.81678	0.82264	2.85995	0.00066	0.00000	0.16467	0.07526	2023-03-23T22:34:35Z
a551475-4466930-092824-659_K13.CEL	87.00000	394.15850	1.82740	1.51748	143.00000	598.12613	592.88172	781.42754	85.00000	309.45327	4.46635	2.64265	198.00000	817.77614	847.63393	603.89125	0.79054	2.73805	0.00174	0.00000	0.18677	0.07623	2023-03-23T22:35:09Z
a551475-4466930-092824-659_K14.CEL	86.00000	403.60458	1.82151	1.52282	156.00000	614.61599	611.80215	854.81159	99.00000	388.06982	3.71956	2.31425	253.00000	898.08987	933.63988	617.70922	0.72973	2.43929	0.00214	0.00000	0.23964	0.07703	2023-03-23T22:35:43Z
a551475-4466930-092824-659_K15.CEL	87.00000	397.40850	2.15164	1.63899	171.00000	651.34685	648.64301	900.61957	80.00000	291.67624	5.20123	3.25602	241.00000	949.70261	990.02083	654.31915	0.82601	2.95819	0.00194	0.00000	0.14866	0.08401	2023-03-23T22:36:16Z
a551475-4466930-092824-659_K16.CEL	87.00000	375.43382	2.09286	1.59931	149.00000	600.43412	598.89570	887.43116	89.00000	361.68750	4.27843	2.58930	247.00000	936.51716	976.83780	602.12530	0.78885	2.67585	0.00226	0.00000	0.20737	0.07540	2023-03-23T22:36:49Z
a551475-4466930-092824-659_K17.CEL	81.00000	360.48529	2.48759	1.69988	161.00000	612.78209	612.76022	888.34783	71.00000	284.69651	5.48828	3.26447	227.00000	929.38317	963.09077	612.80615	0.84797	3.05873	0.00190	0.00000	0.15043	0.08152	2023-03-23T22:37:23Z
a551475-4466930-092824-659_K18.CEL	80.00000	341.52778	1.78350	1.55053	136.00000	529.55068	526.80430	749.35688	82.00000	326.05011	3.78014	2.42653	212.00000	791.16912	825.51488	532.56974	0.74831	2.50121	0.00198	0.00000	0.21907	0.09474	2023-03-23T22:37:57Z
a551475-4466930-092824-659_K19.CEL	84.00000	378.31127	2.09860	1.58192	151.00000	598.45946	592.80645	800.19746	78.00000	293.60191	4.70116	2.87575	227.00000	844.32435	880.57143	604.67376	0.81250	2.87127	0.00044	0.00000	0.17691	0.07613	2023-03-23T22:38:30Z
a551475-4466930-092824-659_K20.CEL	89.00000	396.81781	1.30640	1.42321	128.00000	564.75676	564.37419	751.97283	104.00000	400.81306	2.90649	2.00521	216.00000	803.71242	846.21280	565.17730	0.61824	2.04501	0.00218	0.00000	0.25015	0.07747	2023-03-23T22:39:03Z
a551475-4466930-092824-659_K21.CEL	86.00000	370.31454	2.49852	1.75654	183.00000	650.47241	646.09247	919.80797	70.00000	262.72579	5.88702	3.67584	223.00000	965.73856	1003.46726	655.28723	0.86655	3.11677	0.00179	0.00000	0.14611	0.08428	2023-03-23T22:39:50Z
a551475-4466930-092824-659_K22.CEL	81.00000	336.75163	1.42245	1.49694	122.00000	504.09741	499.71935	657.43116	72.00000	289.60755	3.93701	2.42710	175.00000	702.90686	740.26190	508.91017	0.68919	2.35157	0.00195	0.00000	0.21065	0.07927	2023-03-23T22:40:24Z
a551475-4466930-092824-659_K23.CEL	87.00000	401.36683	2.70105	1.70333	172.00000	683.66216	681.75484	1049.44203	94.00000	396.43412	4.76240	2.81879	329.00000	1117.46569	1173.34226	685.75887	0.81588	2.77603	0.00249	0.00000	0.23123	0.07008	2023-03-23T22:40:57Z
a551475-4466930-092824-659_K24.CEL	76.00000	329.53513	1.23611	1.44880	122.00000	477.43187	478.31398	577.64493	61.00000	244.38063	3.79217	2.52822	159.00000	617.84722	650.87054	476.46217	0.73986	2.51434	0.00172	0.00000	0.19227	0.09608	2023-03-23T22:41:30Z
a551475-4466930-092824-659_L01.CEL	86.00000	385.30719	1.65080	1.50730	139.00000	580.77252	577.62366	764.69565	84.00000	323.43525	4.21308	2.49258	193.00000	806.18873	840.27232	584.23404	0.76858	2.59991	0.00195	0.00000	0.19595	0.07954	2023-03-23T22:55:18Z
a551475-4466930-092824-659_L02.CEL	73.00000	329.24346	2.21488	1.65000	151.00000	543.25282	543.85806	742.26812	63.00000	254.13964	5.30024	3.05402	164.00000	776.14788	803.97768	542.58747	0.83446	2.96362	0.00181	0.00000	0.13414	0.08521	2023-03-23T22:54:45Z
a551475-4466930-092824-659_L03.CEL	96.00000	402.37092	1.68926	1.53378	153.00000	617.14921	612.30860	887.71196	92.00000	387.30293	4.27064	2.45092	237.00000	949.25000	999.79911	622.47045	0.73311	2.43689	0.00234	0.00000	0.23853	0.07063	2023-03-23T22:54:11Z
a551475-4466930-092824-659_L04.CEL	79.00000	326.57353	1.75500	1.58219	130.00000	516.70158	512.89570	662.82609	65.00000	242.32995	4.05013	2.91390	179.00000	706.12418	741.69048	520.88534	0.77027	2.70749	0.00191	0.00000	0.16923	0.07454	2023-03-23T22:53:37Z
a551475-4466930-092824-659_L05.CEL	86.00000	351.90359	1.48430	1.50817	131.00000	530.73029	525.88495	742.06884	85.00000	329.24099	3.58209	2.37957	205.00000	783.45098	817.44345	536.05674	0.71622	2.38329	0.00202	0.00000	0.23231	0.07835	2023-03-23T22:53:04Z
a551475-4466930-092824-659_L06.CEL	82.00000	355.08578	1.80708	1.59110	147.00000	564.97860	563.59785	766.73732	73.00000	273.86937	4.45322	2.98519	202.00000	817.55229	859.29315	566.49645	0.78716	2.71108	0.00197	0.00000	0.16327	0.07802	2023-03-23T22:52:31Z
a551475-4466930-092824-659_L07.CEL	102.00000	408.97222	2.10477	1.65949	169.00000	678.68468	675.12688	1022.32246	92.00000	394.97354	4.35943	2.77325	321.00000	1095.36111	1155.35714	682.59574	0.77196	2.64555	0.00261	0.00000	0.21811	0.06602	2023-03-23T22:51:59Z
a551475-4466930-092824-659_L08.CEL	78.00000	319.14951	1.55101	1.56821	128.00000	500.49493	499.56667	621.03080	58.00000	233.22297	4.59067	2.85240	136.00000	665.24510	701.56399	501.51537	0.77365	2.67197	0.00176	0.00000	0.15172	0.08382	2023-03-23T22:51:24Z
a551475-4466930-092824-659_L09.CEL	92.00000	381.48448	1.96624	1.62918	160.00000	621.50788	621.02796	910.49819	91.00000	328.39865	4.80796	2.94524	250.00000	967.21160	1013.79762	622.03546	0.80574	2.79936	0.00224	0.00000	0.18293	0.06490	2023-03-23T22:50:51Z
a551475-4466930-092824-659_L10.CEL	82.00000	339.36683	1.68312	1.55750	130.00000	528.56419	529.71075	782.14312	77.00000	351.82489	3.51399	2.35233	230.00000	827.60784	864.95387	527.30378	0.68581	2.24877	0.00215	0.00000	0.27513	0.08243	2023-03-23T22:50:18Z
a551475-4466930-092824-659_L11.CEL	79.00000	358.70752	1.83929	1.53421	135.00000	550.33333	545.04086	742.36594	89.00000	316.34009	3.99070	2.46416	194.00000	779.51225	810.02530	556.15130	0.75845	2.52360	0.00182	0.00000	0.21316	0.07534	2023-03-23T22:49:45Z
a551475-4466930-092824-659_L12.CEL	80.00000	333.30964	2.03736	1.62719	142.00000	542.35923	542.23548	738.79348	64.00000	244.94313	4.92096	3.17119	189.00000	776.76062	807.94792	542.49527	0.83108	2.91768	0.00173	0.00000	0.14937	0.08481	2023-03-23T22:49:11Z
a551475-4466930-092824-659_L13.CEL	93.00000	403.02696	2.02290	1.63468	169.00000	658.82095	656.40753	926.23188	90.00000	380.19989	4.60728	2.60229	254.00000	989.39134	1041.27232	661.47400	0.79392	2.67820	0.00224	0.00000	0.23997	0.07401	2023-03-23T22:48:38Z
a551475-4466930-092824-659_L14.CEL	67.00000	286.96160	1.81704	1.58283	120.00000	454.21227	452.00538	569.00725	50.00000	201.48705	4.75364	2.96566	134.00000	597.54167	620.98065	456.63830	0.79223	2.75621	0.00124	0.00000	0.15796	0.08659	2023-03-23T22:48:05Z
a551475-4466930-092824-659_L15.CEL	74.00000	343.35131	2.20795	1.62086	132.00000	556.52365	554.60108	810.62681	85.00000	338.39696	3.99776	2.53504	231.00000	857.85131	896.64286	558.63712	0.75338	2.51079	0.00205	0.00000	0.25135	0.07336	2023-03-23T22:47:18Z
a551475-4466930-092824-659_L16.CEL	81.00000	341.06454	2.08820	1.65965	147.00000	566.04899	569.38710	788.91304	67.00000	266.45158	4.77959	3.13268	202.00000	834.70833	872.32589	562.37943	0.79730	2.73282	0.00198	0.00000	0.17428	0.07725	2023-03-23T22:46:44Z
a551475-4466930-092824-659_L17.CEL	78.00000	359.84886	1.85525	1.54504	136.00000	555.98086	553.61935	795.45290	85.00000	351.11261	3.88230	2.41093	223.00000	846.50735	888.44494	558.57683	0.73649	2.48176	0.00216	0.00000	0.22541	0.07090	2023-03-23T22:46:11Z
a551475-4466930-092824-659_L18.CEL	73.00000	315.14134	2.15342	1.64390	127.00000	518.06194	514.21398	689.73551	60.00000	243.87444	5.10446	3.02784	169.00000	738.41258	778.39732	522.29196	0.80405	2.81206	0.00185	0.00000	0.15358	0.07170	2023-03-23T22:45:24Z
a551475-4466930-092824-659_L19.CEL	81.00000	378.48938	2.15953	1.64698	165.00000	623.36318	621.86667	888.17391	83.00000	369.82038	4.62669	2.57859	244.00000	953.61601	1007.37202	625.00827	0.77027	2.54825	0.00233	0.00000	0.24140	0.07182	2023-03-23T22:44:52Z
a551475-4466930-092824-659_L20.CEL	72.00000	321.03023	1.08643	1.42858	115.00000	458.61599	458.16882	500.00000	56.00000	215.51520	3.15828	2.47445	117.00000	533.28186	560.62054	459.10757	0.58615	2.14637	0.00018	0.00000	0.15161	0.08275	2023-03-23T22:44:17Z
a551475-4466930-092824-659_L21.CEL	80.00000	351.61683	1.93003	1.62203	136.00000	570.33164	568.42366	767.57971	72.00000	273.92511	4.98136	3.02055	198.00000	827.40441	876.54613	572.42908	0.79392	2.74659	0.00202	0.00000	0.18544	0.07542	2023-03-23T22:43:44Z
a551475-4466930-092824-659_L22.CEL	87.00000	369.67484	1.11519	1.43394	123.00000	530.09178	529.31183	683.91486	84.00000	359.98255	2.70983	2.03445	185.00000	732.36520	772.16369	530.94917	0.56250	1.88125	0.00225	0.00000	0.26889	0.08174	2023-03-23T22:43:11Z
a551475-4466930-092824-659_L23.CEL	84.00000	362.22141	2.09481	1.64041	145.00000	594.19313	590.10000	827.76993	77.00000	302.68074	4.61348	2.90720	228.00000	879.95425	922.81994	598.69267	0.77365	2.67424	0.00222	0.00000	0.19267	0.07427	2023-03-23T22:42:38Z
a551475-4466930-092824-659_L24.CEL	76.00000	307.50327	1.34842	1.51893	114.00000	467.07714	467.10753	550.27536	58.00000	211.74944	3.64845	2.73208	131.00000	578.51716	601.71577	467.04374	0.74155	2.56920	0.00079	0.00000	0.16160	0.08859	2023-03-23T22:42:04Z
a551475-4466930-092824-659_M01.CEL	72.00000	333.66422	2.12125	1.62533	148.00000	542.31419	541.12581	694.76449	62.00000	231.23255	5.52097	3.16635	158.00000	732.16340	762.88393	543.62057	0.85304	3.08598	0.00022	0.00000	0.14604	0.08032	2023-03-23T22:55:52Z
a551475-4466930-092824-659_M02.CEL	91.00000	423.17565	2.09818	1.57662	170.00000	667.18637	667.63226	1002.34239	104.00000	393.38288	4.57888	2.69679	299.00000	1060.87092	1108.94792	666.69622	0.79223	2.75977	0.00235	0.00000	0.21020	0.07698	2023-03-23T22:56:28Z
a551475-4466930-092824-659_M03.CEL	100.00000	404.28268	2.57750	1.81556	208.00000	733.99831	730.41935	1140.26630	83.00000	307.11599	6.06925	4.00344	307.00000	1229.51961	1302.83482	737.93262	0.86149	3.07279	0.00263	0.00000	0.14322	0.08605	2023-03-23T22:57:17Z
a551475-4466930-092824-659_M04.CEL	86.00000	376.39788	2.54667	1.67558	157.00000	630.68468	627.93441	932.84239	83.00000	323.17736	5.07075	3.06109	255.00000	989.27451	1035.62946	633.70804	0.83108	2.85506	0.00215	0.00001	0.19528	0.07603	2023-03-23T22:57:50Z
a551475-4466930-092824-659_M05.CEL	78.00000	328.74183	1.91763	1.59025	143.00000	522.78322	518.78710	703.62319	60.00000	234.79899	5.44859	3.13700	169.00000	736.56373	763.62202	527.17612	0.83615	2.96834	0.00025	0.00000	0.16159	0.10032	2023-03-23T22:58:24Z
a551475-4466930-092824-659_M06.CEL	101.00000	451.03268	1.97208	1.54722	176.00000	697.84628	695.30538	1039.49638	115.00000	430.19820	4.09654	2.54442	321.00000	1094.60294	1139.86905	700.63948	0.76351	2.59583	0.00250	0.00000	0.22543	0.08693	2023-03-23T22:59:11Z
a551475-4466930-092824-659_M07.CEL	88.00000	398.62500	2.45734	1.63601	157.00000	652.15259	644.08172	896.51993	86.00000	300.42793	5.22375	3.17098	239.00000	952.65033	998.75744	661.02482	0.84459	2.97786	0.00064	0.00000	0.14681	0.07794	2023-03-23T22:59:57Z
a551475-4466930-092824-659_M08.CEL	83.00000	382.74265	2.33982	1.61537	159.00000	618.27140	618.14946	916.99638	86.00000	348.37387	4.74044	2.80815	263.00000	978.28513	1028.62946	618.40544	0.78041	2.72845	0.00205	0.00000	0.19985	0.07375	2023-03-23T23:00:31Z
a551475-4466930-092824-659_M09.CEL	100.00000	453.01552	2.19841	1.58141	173.00000	716.40372	712.19462	1095.36232	116.00000	444.66441	4.21259	2.60449	339.00000	1158.12500	1209.68006	721.03073	0.77872	2.63773	0.00263	0.00000	0.22286	0.07663	2023-03-23T23:01:17Z
a551475-4466930-092824-659_M10.CEL	85.00000	337.51225	2.19040	1.67768	155.00000	566.23592	559.73763	783.25000	65.00000	246.18074	5.23435	3.37376	207.00000	830.55392	869.41071	573.37943	0.84291	3.01470	0.00048	0.00000	0.15263	0.08928	2023-03-23T23:01:50Z
a551475-4466930-092824-659_M11.CEL	85.00000	379.87745	1.94449	1.56708	150.00000	595.29842	590.22043	828.25181	84.00000	300.48423	4.27189	2.89463	241.00000	869.78922	903.90923	600.88061	0.82939	2.88479	0.00054	0.00000	0.15943	0.07814	2023-03-23T23:02:23Z
a551475-4466930-092824-659_M12.CEL	87.00000	388.97549	2.02465	1.55985	146.00000	606.74493	607.91505	896.14130	87.00000	365.98592	4.53624	2.58853	252.00000	947.36601	989.44345	605.45863	0.78041	2.59586	0.00211	0.00000	0.22570	0.07470	2023-03-23T23:02:56Z
a551475-4466930-092824-659_M13.CEL	104.00000	432.31373	2.23553	1.68547	190.00000	728.65203	725.76022	1024.12500	81.00000	325.54730	5.97503	3.34495	262.00000	1088.93954	1142.18006	731.83097	0.86824	3.15373	0.00210	0.00000	0.14664	0.08697	2023-03-23T23:03:29Z
a551475-4466930-092824-659_M14.CEL	97.00000	390.99428	2.11179	1.67542	176.00000	655.08108	652.43763	955.76449	90.00000	362.78941	4.88002	2.81804	274.00000	1022.35458	1077.05357	657.98700	0.80068	2.68437	0.00217	0.00000	0.22550	0.08067	2023-03-23T23:04:01Z
a551475-4466930-092824-659_M15.CEL	79.00000	359.14216	1.90801	1.58410	147.00000	568.91667	564.35806	769.45471	73.00000	271.41498	4.83735	2.97849	203.00000	808.40768	840.40476	573.92790	0.82095	2.93109	0.00024	0.00000	0.17178	0.07475	2023-03-23T23:04:34Z
a551475-4466930-092824-659_M16.CEL	79.00000	355.15850	1.77849	1.50786	135.00000	535.53041	531.48280	749.89312	79.00000	330.38964	3.84519	2.37992	213.00000	786.29984	816.20536	539.97991	0.75507	2.50240	0.00206	0.00000	0.23254	0.08713	2023-03-23T23:05:08Z
a551475-4466930-092824-659_M17.CEL	81.00000	367.91993	2.26221	1.63025	155.00000	599.80068	595.30215	816.25906	69.00000	269.84854	4.98471	3.18027	220.00000	858.19036	892.63393	604.74586	0.82770	2.97678	0.00079	0.00000	0.15169	0.09075	2023-03-23T23:05:41Z
a551475-4466930-092824-659_M18.CEL	98.00000	429.86356	1.82137	1.51633	163.00000	651.81419	651.14731	941.94928	108.00000	426.96059	3.58313	2.35551	297.00000	1005.71160	1058.08780	652.54728	0.70777	2.38361	0.00234	0.00000	0.21905	0.07776	2023-03-23T23:06:14Z
a551475-4466930-092824-659_M19.CEL	84.00000	371.84232	2.03696	1.58889	150.00000	590.81588	584.76989	810.18478	79.00000	285.57770	5.37110	2.99426	204.00000	855.09395	891.98363	597.46217	0.84459	3.00644	0.00080	0.00000	0.14324	0.06231	2023-03-23T23:07:00Z
a551475-4466930-092824-659_M20.CEL	86.00000	362.80719	1.64123	1.51780	135.00000	550.66892	547.32151	754.50543	86.00000	318.59065	3.64793	2.48072	218.00000	790.33497	819.76637	554.34870	0.72804	2.48097	0.00193	0.00000	0.22018	0.07405	2023-03-23T23:07:33Z
a551475-4466930-092824-659_M21.CEL	98.00000	448.81209	2.12990	1.56429	180.00000	702.07207	703.80000	1029.63225	109.00000	420.98874	4.85836	2.57482	276.00000	1083.97059	1128.60565	700.17258	0.79054	2.65514	0.00240	0.00000	0.22950	0.07393	2023-03-23T23:08:07Z
a551475-4466930-092824-659_M22.CEL	82.00000	344.74673	2.01599	1.62470	143.00000	560.10923	558.37527	705.72826	64.00000	240.63345	4.72623	3.12972	174.00000	753.11601	792.04167	562.01537	0.81250	2.86560	0.00187	0.00000	0.14967	0.09079	2023-03-23T23:08:40Z
a551475-4466930-092824-659_M23.CEL	75.00000	361.94526	2.22784	1.60959	150.00000	582.58446	578.36344	764.73732	72.00000	260.40428	5.13280	3.10067	191.00000	807.42647	842.49256	587.22459	0.84966	3.01620	0.00030	0.00000	0.16289	0.07552	2023-03-23T23:09:13Z
a551475-4466930-092824-659_M24.CEL	83.00000	352.08987	1.48891	1.50294	134.00000	529.16836	525.50000	669.50543	69.00000	272.82939	4.19904	2.60028	169.00000	709.43219	742.22917	533.20095	0.78209	2.68609	0.00180	0.00000	0.20259	0.08999	2023-03-23T23:09:46Z
a551475-4466930-092824-659_N01.CEL	90.00000	373.75082	2.63377	1.81807	196.00000	679.50338	679.86344	1051.85507	96.00000	324.74775	5.25781	3.46147	282.00000	1124.10539	1183.45387	679.10757	0.85304	2.97313	0.00237	0.00000	0.18133	0.09867	2023-03-23T23:24:06Z
a551475-4466930-092824-659_N02.CEL	73.00000	302.33497	1.85274	1.63741	130.00000	495.04617	495.19677	644.83152	55.00000	221.90541	4.93827	3.03537	152.00000	673.56454	697.16667	494.88061	0.79899	2.79391	0.00095	0.00000	0.17072	0.09961	2023-03-23T23:23:33Z
a551475-4466930-092824-659_N03.CEL	83.00000	361.85703	1.38970	1.44437	122.00000	522.65541	520.53763	669.89130	89.00000	292.23029	3.65872	2.42371	162.00000	708.28268	739.81845	524.98345	0.73311	2.48430	0.00166	0.00000	0.17347	0.07423	2023-03-23T23:23:01Z
a551475-4466930-092824-659_N04.CEL	81.00000	386.90441	1.61228	1.47870	141.00000	572.11430	570.98710	802.20833	91.00000	382.76577	3.72953	2.21733	229.00000	848.71732	886.92113	573.35343	0.70608	2.34375	0.00229	0.00000	0.25153	0.07840	2023-03-23T23:22:28Z
a551475-4466930-092824-659_N05.CEL	82.00000	364.25245	1.71097	1.51110	124.00000	550.42286	546.91075	773.38043	84.00000	319.51351	3.92744	2.53275	220.00000	809.24755	838.70982	554.28369	0.75000	2.51744	0.00188	0.00000	0.20923	0.07195	2023-03-23T23:21:55Z
a551475-4466930-092824-659_N06.CEL	78.00000	361.10458	2.04412	1.53925	136.00000	555.83108	555.58710	740.33333	78.00000	271.54617	4.71695	2.87932	189.00000	781.86765	815.98512	556.09929	0.78547	2.72603	0.00117	0.00000	0.14953	0.07311	2023-03-23T23:21:08Z
a551475-4466930-092824-659_N07.CEL	87.00000	388.22958	1.83236	1.54414	147.00000	599.48086	598.13871	858.78986	98.00000	369.27590	3.97490	2.46209	245.00000	909.19118	950.59226	600.95626	0.73649	2.48175	0.00224	0.00000	0.21484	0.07016	2023-03-23T23:20:35Z
a551475-4466930-092824-659_N08.CEL	76.00000	305.28431	1.72620	1.60812	127.00000	490.93243	488.43763	637.53623	54.00000	217.68074	5.11666	3.08816	141.00000	672.23284	700.73363	493.67494	0.82264	2.84938	0.00168	0.00000	0.15284	0.09124	2023-03-23T23:20:02Z
a551475-4466930-092824-659_N09.CEL	77.00000	331.34967	2.12782	1.62582	138.00000	538.71509	534.35161	743.77536	76.00000	258.93919	4.77853	3.01273	195.00000	780.11438	809.96429	543.51182	0.84291	2.92159	0.00156	0.00000	0.16689	0.06905	2023-03-23T23:19:30Z
a551475-4466930-092824-659_N10.CEL	82.00000	350.36928	1.44028	1.49269	128.00000	522.99437	521.02903	722.62319	81.00000	309.07489	3.49955	2.46306	189.00000	761.27124	793.01786	525.15485	0.70608	2.38490	0.00201	0.00000	0.20375	0.07846	2023-03-23T23:18:56Z
a551475-4466930-092824-659_N11.CEL	85.00000	368.91258	1.74468	1.55907	135.00000	575.15878	571.05591	823.29529	102.00000	369.14414	3.68515	2.40809	234.00000	888.93137	942.84673	579.66903	0.72466	2.40214	0.00191	0.00000	0.22096	0.07562	2023-03-23T23:18:09Z
a551475-4466930-092824-659_N12.CEL	80.00000	350.31944	1.61470	1.51089	135.00000	529.29336	527.13548	670.59964	66.00000	251.70552	4.11757	2.83059	171.00000	712.47631	746.87500	531.66548	0.75169	2.64779	0.00092	0.00000	0.14654	0.09631	2023-03-23T23:17:36Z
a551475-4466930-092824-659_N13.CEL	79.00000	343.47712	1.68334	1.54345	135.00000	530.14077	530.12581	765.37500	82.00000	338.55124	3.90498	2.39096	223.00000	809.46160	845.67560	530.15721	0.74831	2.47582	0.00200	0.00000	0.22925	0.08229	2023-03-23T23:17:03Z
a551475-4466930-092824-659_N14.CEL	78.00000	338.50735	1.72981	1.56249	135.00000	528.91329	526.97742	687.77174	65.00000	257.99550	4.39460	2.80504	164.00000	723.68791	753.19048	531.04137	0.78041	2.72206	0.00112	0.00000	0.14564	0.09501	2023-03-23T23:16:29Z
a551475-4466930-092824-659_N15.CEL	80.00000	365.89216	1.65577	1.49333	134.00000	546.39921	542.93763	730.71739	75.00000	296.53547	4.29779	2.59915	179.00000	770.74020	803.61607	550.20449	0.75845	2.53901	0.00192	0.00000	0.17946	0.08417	2023-03-23T23:15:42Z
a551475-4466930-092824-659_N16.CEL	86.00000	366.67729	1.82004	1.59455	136.00000	584.68637	582.33656	874.45833	93.00000	386.23592	3.99691	2.41090	242.00000	931.17565	977.76488	587.26950	0.73142	2.38873	0.00202	0.00000	0.22946	0.07723	2023-03-23T23:15:09Z
a551475-4466930-092824-659_N17.CEL	91.00000	399.08578	1.65096	1.50799	143.00000	601.81869	594.60645	835.66304	93.00000	365.30068	3.59736	2.43651	227.00000	890.05801	934.73958	609.74704	0.67736	2.30250	0.00215	0.00001	0.21213	0.08330	2023-03-23T23:14:36Z
a551475-4466930-092824-659_N18.CEL	80.00000	352.83578	2.26197	1.66890	155.00000	588.84854	588.94731	795.65580	67.00000	272.09628	5.35769	3.10969	184.00000	846.13480	887.59970	588.73995	0.83784	2.96549	0.00082	0.00000	0.18529	0.10550	2023-03-23T23:14:03Z
a551475-4466930-092824-659_N19.CEL	87.00000	352.73448	1.95148	1.61817	142.00000	570.78491	571.80860	823.63587	78.00000	336.42793	4.30230	2.59089	223.00000	871.64869	911.08780	569.65957	0.78547	2.63578	0.00214	0.00000	0.19682	0.06830	2023-03-23T23:13:30Z
a551475-4466930-092824-659_N20.CEL	70.00000	289.50082	1.77325	1.58856	119.00000	459.88851	458.29570	578.01449	48.00000	213.72072	4.57570	2.89009	138.00000	617.67157	650.24702	461.63948	0.78378	2.70854	0.00168	0.00000	0.15481	0.09253	2023-03-23T23:12:57Z
a551475-4466930-092824-659_N21.CEL	80.00000	335.55229	1.90696	1.62801	143.00000	546.28378	542.98925	717.42935	60.00000	249.48930	4.84228	3.10026	192.00000	773.48203	819.52530	549.90544	0.82432	2.85995	0.00179	0.00000	0.16686	0.08138	2023-03-23T23:12:12Z
a551475-4466930-092824-659_N22.CEL	82.00000	345.07026	1.97813	1.61460	139.00000	557.15090	555.72151	758.66848	66.00000	293.15428	3.82271	2.75834	226.00000	808.61928	849.65030	558.72222	0.76182	2.57483	0.00224	0.00000	0.20068	0.06922	2023-03-23T23:11:38Z
a551475-4466930-092824-659_N23.CEL	92.00000	376.10294	2.06646	1.64034	149.00000	616.93694	613.80538	922.12862	86.00000	365.67455	4.20831	2.66060	262.00000	972.91340	1014.62946	620.37943	0.75507	2.51751	0.00242	0.00000	0.24131	0.07598	2023-03-23T23:11:05Z
a551475-4466930-092824-659_N24.CEL	81.00000	366.01797	1.93157	1.57967	154.00000	578.18919	578.08925	763.76812	72.00000	275.99775	4.45069	2.91754	201.00000	805.23448	839.29613	578.29905	0.80743	2.83952	0.00068	0.00000	0.14012	0.08669	2023-03-23T23:10:19Z
a551475-4466930-092824-659_O01.CEL	87.00000	388.46324	2.27758	1.63988	166.00000	637.03435	631.05591	910.76087	86.00000	325.82545	5.09731	2.94846	238.00000	960.68382	1001.69196	643.60638	0.82432	2.87515	0.00070	0.00000	0.17645	0.07572	2023-03-23T23:24:39Z
a551475-4466930-092824-659_O02.CEL	65.00000	339.60621	2.39794	1.61467	149.00000	548.35079	545.52366	746.73007	70.00000	243.30856	5.64575	3.17994	172.00000	773.70752	795.86756	551.45863	0.85642	3.10774	0.00019	0.00000	0.14038	0.08110	2023-03-23T23:25:12Z
a551475-4466930-092824-659_O03.CEL	85.00000	374.29330	1.93445	1.57077	147.00000	587.92793	581.33656	858.76630	96.00000	357.14189	4.04727	2.52210	244.00000	900.74673	935.23065	595.17376	0.75507	2.56695	0.00208	0.00000	0.21539	0.07533	2023-03-23T23:25:45Z
a551475-4466930-092824-659_O04.CEL	72.00000	310.00980	2.26104	1.66698	138.00000	516.78153	517.22796	698.85145	59.00000	223.86430	5.36599	3.32512	175.00000	744.37582	781.77083	516.29078	0.86993	3.19689	0.00018	0.00000	0.14659	0.08525	2023-03-23T23:26:32Z
a551475-4466930-092824-659_O05.CEL	85.00000	365.45997	1.67711	1.51971	131.00000	555.39189	550.42151	756.70471	83.00000	290.95101	4.21945	2.71145	197.00000	788.90033	815.34673	560.85579	0.77872	2.72032	0.00059	0.00000	0.15096	0.06983	2023-03-23T23:27:04Z
a551475-4466930-092824-659_O06.CEL	87.00000	390.21078	2.23160	1.61532	152.00000	630.31475	627.30860	914.56884	89.00000	339.75732	5.01659	2.83029	234.00000	961.61275	1000.25595	633.61939	0.80574	2.79239	0.00221	0.00000	0.17919	0.06683	2023-03-23T23:27:38Z
a551475-4466930-092824-659_O07.CEL	75.00000	327.09069	1.76800	1.58243	139.00000	517.59966	512.28925	684.16304	62.00000	241.69538	4.58157	2.99884	175.00000	724.80637	758.19196	523.43735	0.79392	2.82994	0.00022	0.00000	0.15271	0.08564	2023-03-23T23:28:11Z
a551475-4466930-092824-659_O08.CEL	75.00000	348.29330	2.22632	1.60901	141.00000	560.40878	561.93118	846.22464	86.00000	327.42117	4.63787	2.71340	236.00000	888.42320	923.08631	558.73522	0.79730	2.73546	0.00189	0.00000	0.21606	0.07486	2023-03-23T23:29:13Z
a551475-4466930-092824-659_O09.CEL	75.00000	318.74428	2.08578	1.62962	137.00000	519.43356	516.08172	727.29348	62.00000	244.59347	4.95231	3.12347	189.00000	763.98121	794.11756	523.11820	0.83784	2.99079	0.00018	0.00000	0.14745	0.09362	2023-03-23T23:29:45Z
a551475-4466930-092824-659_O10.CEL	84.00000	374.16748	2.37212	1.63410	155.00000	611.42849	611.72258	935.48007	91.00000	356.56194	4.57925	2.77071	272.00000	987.92892	1031.01190	611.10520	0.79899	2.78177	0.00209	0.00000	0.21521	0.08835	2023-03-23T23:30:18Z
a551475-4466930-092824-659_O11.CEL	88.00000	389.29984	1.87755	1.55338	150.00000	604.72917	602.70323	857.39855	85.00000	322.57151	5.05571	2.82451	219.00000	911.10784	955.22619	606.95626	0.81588	2.83875	0.00192	0.00000	0.17588	0.08526	2023-03-23T23:30:51Z
a551475-4466930-092824-659_O12.CEL	76.00000	350.82353	1.91388	1.53232	132.00000	537.57432	532.96344	713.25725	74.00000	265.88288	4.71238	2.82233	183.00000	750.40850	780.92560	542.64303	0.79899	2.82188	0.00019	0.00000	0.15003	0.08266	2023-03-23T23:31:25Z
a551475-4466930-092824-659_O13.CEL	95.00000	427.54330	1.80750	1.53904	165.00000	658.00732	653.66344	914.59420	91.00000	334.62613	4.54104	2.86275	261.00000	957.94935	993.56250	662.78251	0.82432	2.84328	0.00188	0.00000	0.17464	0.08395	2023-03-23T23:32:00Z
a551475-4466930-092824-659_O14.CEL	80.00000	350.33333	1.97914	1.58268	143.00000	554.46622	551.50753	770.81341	70.00000	266.28885	4.78316	3.05255	205.00000	812.86111	847.40030	557.71868	0.82770	2.94640	0.00030	0.00000	0.15861	0.08433	2023-03-23T23:32:33Z
a551475-4466930-092824-659_O15.CEL	89.00000	400.63154	1.92498	1.52760	154.00000	612.00338	610.67204	870.90761	96.00000	362.96565	4.32124	2.49204	236.00000	904.52451	932.13839	613.46690	0.77196	2.63050	0.00215	0.00000	0.19297	0.06979	2023-03-23T23:33:06Z
a551475-4466930-092824-659_O16.CEL	82.00000	355.56209	2.34321	1.70168	163.00000	605.05349	603.66989	895.40761	71.00000	287.09572	5.20644	3.27818	233.00000	941.15033	978.72470	606.57447	0.84459	3.03472	0.00188	0.00000	0.14569	0.08674	2023-03-23T23:33:53Z
a551475-4466930-092824-659_O17.CEL	87.00000	378.80065	2.15222	1.63626	165.00000	619.81757	614.09355	893.55797	76.00000	301.87444	5.67909	3.06941	223.00000	926.57761	953.70089	626.10993	0.86655	3.11192	0.00078	0.00000	0.15482	0.08459	2023-03-23T23:34:40Z
a551475-4466930-092824-659_O18.CEL	79.00000	360.03513	1.70723	1.54965	148.00000	557.92849	554.38172	796.80978	82.00000	339.16948	3.81463	2.44923	214.00000	830.70261	858.54315	561.82742	0.74831	2.53693	0.00188	0.00000	0.19969	0.07776	2023-03-23T23:35:12Z
a551475-4466930-092824-659_O19.CEL	87.00000	385.46242	2.22928	1.64911	172.00000	635.67061	632.84409	939.40942	78.00000	315.27252	5.51048	3.10212	235.00000	978.01307	1009.72321	638.77778	0.84122	3.03518	0.00085	0.00000	0.13786	0.09067	2023-03-23T23:35:45Z
a551475-4466930-092824-659_O20.CEL	78.00000	357.69036	1.81857	1.51226	136.00000	540.92117	539.64301	742.57971	78.00000	324.80405	4.45042	2.39827	189.00000	778.96814	808.85863	542.32624	0.77196	2.56535	0.00207	0.00000	0.19823	0.08087	2023-03-23T23:36:19Z
a551475-4466930-092824-659_O21.CEL	84.00000	387.48938	2.41808	1.65557	170.00000	641.51633	638.84624	889.83333	73.00000	289.73198	5.66744	3.23875	228.00000	938.37010	978.23958	644.45154	0.86149	3.06229	0.00059	0.00000	0.13962	0.09064	2023-03-23T23:36:53Z
a551475-4466930-092824-659_O22.CEL	81.00000	372.40768	2.17298	1.66053	159.00000	618.39245	622.08495	873.13949	79.00000	332.30574	4.94859	2.82058	233.00000	937.29493	989.99405	614.33333	0.78209	2.64978	0.00251	0.00000	0.20579	0.07365	2023-03-23T23:37:27Z
a551475-4466930-092824-659_O23.CEL	79.00000	358.44771	2.08718	1.57788	142.00000	565.58840	562.57204	750.21558	68.00000	266.52984	5.04208	2.95143	181.00000	786.64542	816.56994	568.90426	0.83953	2.97489	0.00061	0.00000	0.18233	0.09709	2023-03-23T23:38:16Z
a551475-4466930-092824-659_O24.CEL	88.00000	421.89134	1.56418	1.46356	145.00000	617.46396	614.51290	749.06522	84.00000	329.21396	3.79071	2.41045	190.00000	793.55229	830.09524	620.70804	0.71959	2.49119	0.00223	0.00000	0.16230	0.07250	2023-03-23T23:38:49Z
a551475-4466930-092824-659_P01.CEL	87.00000	409.65441	1.57991	1.45918	140.00000	597.76126	593.89462	755.87500	83.00000	315.19989	4.69056	2.53403	176.00000	798.72467	833.92262	602.01182	0.74493	2.59334	0.00077	0.00000	0.14668	0.08379	2023-03-23T23:52:50Z
a551475-4466930-092824-659_P02.CEL	77.00000	344.17402	1.47314	1.47477	125.00000	507.57658	507.29247	660.98007	77.00000	284.48255	3.62424	2.46659	169.00000	701.70261	735.15327	507.88889	0.71622	2.45406	0.00196	0.00000	0.19283	0.09461	2023-03-23T23:52:16Z
a551475-4466930-092824-659_P03.CEL	86.00000	372.09967	1.99126	1.60555	154.00000	597.42455	594.36237	824.31522	72.00000	291.64527	4.73389	3.01015	211.00000	877.89624	921.90923	600.79078	0.79730	2.79276	0.00184	0.00000	0.14739	0.09015	2023-03-23T23:51:42Z
a551475-4466930-092824-659_P04.CEL	85.00000	354.11438	1.62967	1.56471	146.00000	554.08615	553.13548	748.06522	76.00000	288.16779	4.18454	2.75417	190.00000	793.66176	831.11607	555.13121	0.75169	2.58540	0.00108	0.00000	0.16469	0.08220	2023-03-23T23:51:09Z
a551475-4466930-092824-659_P05.CEL	97.00000	420.33578	1.90150	1.55165	169.00000	652.21284	653.54624	958.99094	96.00000	385.47579	4.45768	2.63022	268.00000	1013.88562	1058.97768	650.74704	0.77534	2.63472	0.00230	0.00000	0.18740	0.09730	2023-03-23T23:50:36Z
a551475-4466930-092824-659_P06.CEL	81.00000	348.04330	1.82850	1.59189	150.00000	554.04617	554.02473	761.68297	72.00000	277.63851	5.00008	2.91732	181.00000	809.96078	849.61756	554.06974	0.80068	2.78111	0.00103	0.00000	0.15689	0.09878	2023-03-23T23:50:04Z
a551475-4466930-092824-659_P07.CEL	93.00000	394.78268	1.80298	1.53700	153.00000	606.77928	601.20430	862.35507	96.00000	342.33559	4.41720	2.64020	218.00000	903.83333	937.90476	612.90780	0.78209	2.71019	0.00215	0.00000	0.16955	0.07269	2023-03-23T23:49:29Z
a551475-4466930-092824-659_P08.CEL	92.00000	372.47876	1.82547	1.59886	159.00000	595.54223	595.10000	868.83696	75.00000	298.70495	5.18174	3.09659	214.00000	924.96569	971.07143	596.02837	0.80743	2.86882	0.00185	0.00000	0.15380	0.09074	2023-03-23T23:48:42Z
a551475-4466930-092824-659_P09.CEL	92.00000	413.03023	1.51108	1.45775	146.00000	602.09459	598.38495	842.70109	112.00000	374.22410	3.63463	2.34778	221.00000	878.59477	908.07887	606.17258	0.69932	2.40864	0.00215	0.00000	0.18515	0.07333	2023-03-23T23:48:09Z
a551475-4466930-092824-659_P10.CEL	78.00000	319.62418	1.88448	1.61922	128.00000	517.54279	517.64516	693.56341	66.00000	246.82207	4.75486	3.02115	173.00000	745.68546	788.50000	517.43026	0.78716	2.73099	0.00180	0.00000	0.15993	0.07085	2023-03-23T23:47:37Z
a551475-4466930-092824-659_P11.CEL	78.00000	342.66422	1.59836	1.50959	128.00000	517.28097	515.30108	668.69022	72.00000	261.17342	4.15427	2.67339	162.00000	698.21814	722.47321	519.45745	0.78209	2.67594	0.00170	0.00000	0.14391	0.08165	2023-03-23T23:46:50Z
a551475-4466930-092824-659_P12.CEL	92.00000	395.37010	1.95003	1.58240	169.00000	625.63176	626.59785	880.44746	78.00000	322.48649	4.48548	2.89161	239.00000	932.50490	975.26637	624.56974	0.76182	2.60021	0.00234	0.00000	0.18276	0.07623	2023-03-23T23:46:16Z
a551475-4466930-092824-659_P13.CEL	102.00000	454.72958	1.71893	1.50974	169.00000	686.52309	681.92903	963.42572	103.00000	393.59797	4.16456	2.57836	270.00000	1014.83905	1057.07143	691.57329	0.75338	2.55273	0.00243	0.00000	0.19057	0.07440	2023-03-23T23:45:44Z
a551475-4466930-092824-659_P14.CEL	86.00000	373.82026	1.72635	1.57539	156.00000	588.91329	583.83011	818.26812	79.00000	309.78435	4.17816	2.78640	219.00000	863.18382	900.07887	594.50118	0.75676	2.60444	0.00211	0.00000	0.17144	0.07629	2023-03-23T23:45:10Z
a551475-4466930-092824-659_P15.CEL	84.00000	360.17565	1.69357	1.57323	146.00000	566.63739	564.79677	778.74819	70.00000	278.63964	4.30647	2.97400	213.00000	828.67320	869.68304	568.66076	0.79223	2.78745	0.00177	0.00000	0.14946	0.09061	2023-03-23T23:44:36Z
a551475-4466930-092824-659_P16.CEL	80.00000	325.64134	1.84759	1.64881	134.00000	536.92117	536.39785	746.26993	64.00000	274.58052	4.58316	2.92442	190.00000	802.98856	849.57887	537.49645	0.79223	2.74429	0.00199	0.00000	0.15953	0.07057	2023-03-23T23:44:03Z
a551475-4466930-092824-659_P17.CEL	93.00000	391.98775	1.69258	1.55089	154.00000	607.92905	605.00000	921.55435	97.00000	385.89865	3.74288	2.49435	277.00000	962.56536	996.25298	611.14894	0.74324	2.52475	0.00229	0.00000	0.20663	0.06939	2023-03-23T23:43:30Z
a551475-4466930-092824-659_P18.CEL	75.00000	323.32271	1.93385	1.61239	134.00000	521.32264	521.72151	723.83877	59.00000	269.91273	4.59949	2.84770	176.00000	768.63154	805.42560	520.88416	0.80068	2.78232	0.00189	0.00000	0.14374	0.08661	2023-03-23T23:42:57Z
a551475-4466930-092824-659_P19.CEL	72.00000	334.67075	2.39301	1.69854	150.00000	568.45101	567.75914	807.15399	64.00000	290.33333	5.47050	2.97007	196.00000	862.31046	907.61756	569.21158	0.81588	2.88421	0.00198	0.00000	0.15789	0.08673	2023-03-23T23:42:09Z
a551475-4466930-092824-659_P20.CEL	96.00000	393.36193	2.14467	1.64874	162.00000	648.55068	647.25914	962.90580	82.00000	329.49043	5.43848	3.12153	227.00000	1028.51389	1082.40625	649.97045	0.81419	2.82209	0.00218	0.00000	0.13666	0.08139	2023-03-23T23:41:36Z
a551475-4466930-092824-659_P21.CEL	88.00000	370.47467	2.46889	1.72118	156.00000	637.65428	634.34516	910.26993	79.00000	306.11712	5.58943	3.16772	223.00000	969.69363	1018.50595	641.29196	0.84797	3.02931	0.00225	0.00000	0.15000	0.06967	2023-03-23T23:41:03Z
a551475-4466930-092824-659_P22.CEL	94.00000	413.08170	1.92479	1.53950	148.00000	635.94032	635.46237	885.60326	100.00000	344.67455	4.53585	2.71995	212.00000	937.49837	980.12649	636.46572	0.77872	2.69548	0.00199	0.00000	0.14104	0.07831	2023-03-23T23:40:29Z
a551475-4466930-092824-659_P23.CEL	76.00000	327.95016	2.13274	1.66135	140.00000	544.83840	541.32258	727.79348	59.00000	240.34178	5.24022	3.21670	158.00000	773.10703	810.32887	548.70331	0.83277	2.85431	0.00123	0.00000	0.14371	0.08845	2023-03-23T23:39:56Z
a551475-4466930-092824-659_P24.CEL	97.00000	416.29657	1.62637	1.52939	170.00000	636.67905	635.57957	857.46196	78.00000	318.60642	4.79489	2.84793	218.00000	907.36846	948.36310	637.88771	0.79054	2.79598	0.00192	0.00000	0.14197	0.08524	2023-03-23T23:39:22Z
