#MQR=Median Quartile Range: difference between median and first quartile.
#MLD=Median Linear Discriminant: same as FLD except using MQR values instead of IQR.
#%guid=3de95cb2-36e4-4395-4106-83ef40646361
cel_files	axiom_signal_contrast_AT_B_MQR	axiom_signal_contrast_AT_B	axiom_signal_contrast_AT_MLD	axiom_signal_contrast_AT_SBR	axiom_signal_contrast_AT_S_MQR	axiom_signal_contrast_AT_S	axiom_signal_contrast_A_signal_mean	axiom_signal_contrast_C_signal_mean	axiom_signal_contrast_GC_B_MQR	axiom_signal_contrast_GC_B	axiom_signal_contrast_GC_MLD	axiom_signal_contrast_GC_SBR	axiom_signal_contrast_GC_S_MQR	axiom_signal_contrast_GC_S	axiom_signal_contrast_G_signal_mean	axiom_signal_contrast_T_signal_mean	axiom_dishqc_DQC	axiom_dishqc_log_diff_qc	saturation_GC	saturation_AT	axiom_varscore_CV_GC	axiom_varscore_CV_AT	affymetrix-scan-date
a551475-4457945-040924-699_A01.CEL	41.00000	210.11275	1.62632	1.42573	73.00000	299.56306	298.73441	333.91123	40.00000	145.00957	4.51629	2.38293	90.00000	345.54739	355.10565	300.47400	0.79561	2.89287	0.00000	0.00000	0.12022	0.10895	2023-03-23T12:08:12Z
a551475-4457945-040924-699_A02.CEL	44.00000	228.91095	1.33342	1.36873	75.00000	313.31644	313.22796	506.86413	65.00000	226.09628	3.71729	2.30426	136.00000	520.98448	532.58333	313.41371	0.76014	2.61038	0.00010	0.00000	0.18650	0.06990	2023-03-23T12:09:35Z
a551475-4457945-040924-699_A03.CEL	46.00000	238.73693	1.54984	1.41871	81.00000	338.69932	337.49032	592.98913	71.00000	255.86092	4.43973	2.41834	166.00000	618.75980	639.92857	340.02837	0.77365	2.63286	0.00011	0.00000	0.18438	0.06574	2023-03-23T12:10:24Z
a551475-4457945-040924-699_A04.CEL	46.00000	225.65768	1.26439	1.39925	78.00000	315.75113	313.60753	498.13587	59.00000	200.36205	4.72196	2.60340	124.00000	521.62255	540.91518	318.10757	0.82095	2.90990	0.00010	0.00000	0.13723	0.07421	2023-03-23T12:10:56Z
a551475-4457945-040924-699_A05.CEL	48.00000	261.08333	1.76528	1.43827	89.00000	375.50957	373.31183	674.16304	76.00000	294.16273	4.87917	2.42305	183.00000	712.77124	744.48512	377.92553	0.80068	2.73429	0.00011	0.00000	0.18547	0.05560	2023-03-23T12:11:27Z
a551475-4457945-040924-699_A06.CEL	46.00000	227.54167	1.62360	1.45024	83.00000	329.98986	328.75269	557.32790	57.00000	213.11261	5.33742	2.71440	144.00000	578.47304	595.84226	331.34988	0.86486	3.10618	0.00010	0.00000	0.14386	0.07009	2023-03-23T12:12:00Z
a551475-4457945-040924-699_A07.CEL	46.00000	234.89297	1.17267	1.36083	79.00000	319.64865	316.87312	568.12862	72.00000	271.06137	3.84272	2.17832	163.00000	590.45915	608.80208	322.69976	0.73311	2.42053	0.00011	0.00000	0.21373	0.07349	2023-03-23T12:12:33Z
a551475-4457945-040924-699_A08.CEL	45.00000	238.88807	1.54723	1.39750	81.00000	333.84572	333.47742	551.47645	63.00000	224.82770	4.77043	2.55377	147.00000	574.15850	592.79018	334.25059	0.83277	2.93318	0.00010	0.00000	0.15275	0.06561	2023-03-23T12:13:07Z
a551475-4457945-040924-699_A09.CEL	42.00000	231.45507	1.03111	1.30926	69.00000	303.03547	300.31075	518.47464	72.00000	269.53378	3.25949	2.02726	157.00000	546.41585	569.36756	306.03073	0.67399	2.23709	0.00010	0.00000	0.23198	0.06015	2023-03-23T12:13:39Z
a551475-4457945-040924-699_A10.CEL	52.00000	258.02533	0.61238	1.24533	75.00000	321.32770	316.88387	425.00906	63.00000	219.20383	3.51785	2.11342	102.00000	463.26879	494.69643	326.21277	0.60473	2.23405	0.00010	0.00000	0.13994	0.07664	2023-03-23T12:14:11Z
a551475-4457945-040924-699_A11.CEL	42.00000	236.51471	1.50962	1.40239	80.00000	331.68637	329.77957	567.32971	64.00000	240.03829	4.73763	2.47146	150.00000	593.24428	614.53125	333.78251	0.79730	2.73778	0.00010	0.00000	0.17348	0.06387	2023-03-23T12:14:44Z
a551475-4457945-040924-699_A12.CEL	42.00000	182.04085	0.00055	0.98318	43.00000	178.97804	180.53548	223.99457	53.00000	185.53153	0.40395	1.28824	63.00000	239.00980	251.34375	177.26596	0.10135	0.45446	0.00011	0.00000	0.24584	0.07286	2023-03-23T12:15:17Z
a551475-4457945-040924-699_A13.CEL	38.00000	209.12663	1.76284	1.41580	66.00000	296.08108	295.45161	369.63225	50.00000	174.59347	4.19409	2.19232	102.00000	382.76471	393.55208	296.77305	0.82264	2.84942	0.00000	0.00000	0.16963	0.05585	2023-03-23T12:15:50Z
a551475-4457945-040924-699_A14.CEL	45.00000	235.03023	1.73828	1.46751	95.00000	344.90878	343.93656	582.80616	60.00000	212.70158	5.73828	2.85389	140.00000	607.02696	626.92262	345.97754	0.86486	3.14772	0.00010	0.00000	0.14290	0.07012	2023-03-23T12:16:22Z
a551475-4457945-040924-699_A15.CEL	43.00000	233.06046	1.09790	1.30247	71.00000	303.55518	302.15376	526.78080	68.00000	270.46059	3.62903	2.02554	155.00000	547.82843	565.11756	305.09574	0.70439	2.28015	0.00010	0.00000	0.22960	0.06125	2023-03-23T12:16:55Z
a551475-4457945-040924-699_A16.CEL	47.00000	242.06699	1.54134	1.41234	84.00000	341.88063	339.72258	550.18478	59.00000	217.22128	5.23635	2.67827	130.00000	581.77696	607.72768	344.25296	0.82095	2.90892	0.00010	0.00000	0.14006	0.07145	2023-03-23T12:17:28Z
a551475-4457945-040924-699_A17.CEL	51.00000	260.25000	1.48850	1.39639	87.00000	363.41104	363.50968	676.09239	86.00000	309.38739	4.15695	2.28417	205.00000	706.69199	731.82738	363.30260	0.76520	2.56662	0.00011	0.00000	0.20937	0.06046	2023-03-23T12:18:00Z
a551475-4457945-040924-699_A18.CEL	38.00000	211.45752	1.72132	1.42026	75.00000	300.32432	299.33226	491.90036	53.00000	192.21903	4.94977	2.64079	118.00000	507.61029	520.51488	301.41489	0.86149	3.09859	0.00009	0.00000	0.13997	0.07016	2023-03-23T12:18:33Z
a551475-4457945-040924-699_A19.CEL	46.00000	227.56863	1.14461	1.34876	71.00000	306.93525	305.05054	522.59601	70.00000	253.56306	3.71057	2.14708	148.00000	544.41912	562.34524	309.00709	0.73311	2.45040	0.00010	0.00000	0.19356	0.06825	2023-03-23T12:19:07Z
a551475-4457945-040924-699_A20.CEL	44.00000	244.71977	1.88543	1.43442	81.00000	351.03153	350.23548	593.67029	63.00000	236.43806	5.30595	2.63717	152.00000	623.52696	648.05208	351.90662	0.84291	3.05456	0.00010	0.00000	0.14032	0.07366	2023-03-23T12:19:40Z
a551475-4457945-040924-699_A21.CEL	44.00000	240.98611	1.44134	1.37466	82.00000	331.27365	328.92581	567.67210	70.00000	256.51351	4.43836	2.30942	154.00000	592.39788	612.70833	333.85461	0.76858	2.68552	0.00010	0.00000	0.18011	0.06332	2023-03-23T12:20:13Z
a551475-4457945-040924-699_A22.CEL	38.00000	206.95261	1.72005	1.42598	72.00000	295.10980	293.14516	459.09601	48.00000	184.73874	5.64371	2.56471	107.00000	473.80065	485.87946	297.26950	0.85473	3.05083	0.00009	0.00000	0.15168	0.07055	2023-03-23T12:20:46Z
a551475-4457945-040924-699_A23.CEL	46.00000	241.29248	2.09389	1.52771	95.00000	368.62500	368.13118	637.61232	65.00000	233.40709	5.77651	2.86139	160.00000	667.86765	692.72024	369.16785	0.87331	3.10202	0.00010	0.00000	0.14792	0.06352	2023-03-23T12:21:33Z
a551475-4457945-040924-699_A24.CEL	48.00000	255.65931	1.46359	1.39358	87.00000	356.28153	354.70645	567.73188	69.00000	231.30293	4.65038	2.52544	140.00000	584.14216	597.62202	358.01300	0.82095	2.92453	0.00010	0.00000	0.14142	0.06169	2023-03-23T12:22:50Z
a551475-4457945-040924-699_B01.CEL	42.00000	228.14461	1.29519	1.35849	79.00000	309.93187	308.80215	513.14312	64.00000	243.58502	4.10138	2.16487	130.00000	527.33007	538.98363	311.17376	0.73142	2.44469	0.00005	0.00000	0.23181	0.07207	2023-03-23T12:36:41Z
a551475-4457945-040924-699_B02.CEL	43.00000	215.77288	1.69284	1.46873	83.00000	316.91104	316.16022	548.41486	56.00000	235.52928	4.82137	2.42733	142.00000	571.70833	590.84226	317.73641	0.81081	2.78951	0.00011	0.00000	0.19295	0.07260	2023-03-23T12:36:08Z
a551475-4457945-040924-699_B03.CEL	45.00000	230.09314	2.12803	1.54629	94.00000	355.79110	352.85806	604.71377	58.00000	215.94257	5.62600	2.92860	154.00000	632.40850	655.15774	359.01537	0.88345	3.17751	0.00011	0.00000	0.15928	0.07111	2023-03-23T12:35:36Z
a551475-4457945-040924-699_B04.CEL	42.00000	216.03105	1.31519	1.39476	74.00000	301.31137	302.13011	540.85145	67.00000	263.95045	3.48573	2.11674	160.00000	558.71487	573.38839	300.41135	0.70270	2.29442	0.00011	0.00000	0.25042	0.06942	2023-03-23T12:35:05Z
a551475-4457945-040924-699_B05.CEL	41.00000	221.73039	1.85418	1.48414	84.00000	329.07883	327.54516	558.69022	55.00000	213.20890	5.66117	2.76255	139.00000	588.99918	613.89583	330.76478	0.85642	3.02962	0.00007	0.00000	0.17389	0.08047	2023-03-23T12:34:33Z
a551475-4457945-040924-699_B06.CEL	42.00000	225.76634	1.68765	1.44093	80.00000	325.31363	322.94086	595.15942	74.00000	275.21002	4.06158	2.25676	166.00000	621.08333	642.37798	327.92199	0.74493	2.46052	0.00011	0.00000	0.24880	0.06558	2023-03-23T12:34:00Z
a551475-4457945-040924-699_B07.CEL	33.00000	176.26879	1.66065	1.42960	62.00000	251.99437	250.48710	247.22645	28.00000	109.52646	4.55123	2.35927	63.00000	258.40196	267.58185	253.65130	0.82264	2.96450	0.00000	0.00000	0.14264	0.08186	2023-03-23T12:33:28Z
a551475-4457945-040924-699_B08.CEL	40.00000	223.17810	2.00256	1.48563	80.00000	331.56025	332.36344	588.38043	66.00000	256.98367	4.39181	2.42153	172.00000	622.29248	650.14881	330.67730	0.78716	2.65757	0.00011	0.00000	0.22920	0.07000	2023-03-23T12:32:56Z
a551475-4457945-040924-699_B09.CEL	47.00000	251.30474	1.73380	1.42293	82.00000	357.58953	355.92796	654.53442	84.00000	313.62387	3.83799	2.20251	200.00000	690.75817	720.51339	359.41608	0.72973	2.45482	0.00011	0.00000	0.26980	0.06872	2023-03-23T12:32:24Z
a551475-4457945-040924-699_B10.CEL	39.00000	209.77369	1.87305	1.48155	81.00000	310.78998	309.31290	536.61957	59.00000	214.40034	5.05513	2.59943	141.00000	557.31944	574.32292	312.41371	0.84966	3.05516	0.00010	0.00000	0.19078	0.07326	2023-03-23T12:31:50Z
a551475-4457945-040924-699_B11.CEL	37.00000	198.99020	1.62547	1.42062	67.00000	282.68975	280.57419	427.29348	49.00000	170.74887	4.72878	2.58450	102.00000	441.29984	452.80506	285.01537	0.83953	2.99959	0.00009	0.00000	0.14733	0.07761	2023-03-23T12:31:18Z
a551475-4457945-040924-699_B12.CEL	42.00000	221.75327	2.14898	1.53458	82.00000	340.29786	340.19570	614.21558	60.00000	261.15878	4.69552	2.47897	185.00000	647.40523	674.66815	340.41017	0.79730	2.72152	0.00012	0.00000	0.19619	0.06445	2023-03-23T12:30:46Z
a551475-4457945-040924-699_B13.CEL	37.00000	181.91503	1.61537	1.43791	66.00000	261.57827	259.48280	273.42391	34.00000	116.92455	4.62701	2.42896	69.00000	284.00490	292.69643	263.88180	0.84797	3.08316	0.00000	0.00000	0.12892	0.08126	2023-03-23T12:30:14Z
a551475-4457945-040924-699_B14.CEL	45.00000	230.64134	2.04315	1.52765	87.00000	352.33896	349.99140	649.34783	68.00000	267.73986	4.78067	2.53649	190.00000	679.11928	703.57440	354.91962	0.80405	2.70484	0.00011	0.00000	0.21109	0.06479	2023-03-23T12:29:41Z
a551475-4457945-040924-699_B15.CEL	43.00000	220.18873	1.76578	1.47471	82.00000	324.71396	323.22366	553.20290	56.00000	209.16723	5.61081	2.75743	139.00000	576.76389	596.11756	326.35225	0.84966	3.04587	0.00011	0.00000	0.16923	0.07577	2023-03-23T12:29:09Z
a551475-4457945-040924-699_B16.CEL	49.00000	248.56291	1.57116	1.43602	87.00000	356.94032	357.01720	671.06884	89.00000	313.90484	3.93199	2.23199	193.00000	700.63235	724.91667	356.85579	0.76014	2.53478	0.00011	0.00000	0.23378	0.06446	2023-03-23T12:28:36Z
a551475-4457945-040924-699_B17.CEL	39.00000	203.96487	1.12213	1.34244	63.00000	273.81081	272.13333	434.09964	55.00000	202.11149	4.16242	2.23977	105.00000	452.68301	467.94792	275.65485	0.73818	2.54751	0.00010	0.00000	0.18395	0.07016	2023-03-23T12:28:04Z
a551475-4457945-040924-699_B18.CEL	41.00000	226.88317	1.76717	1.43656	80.00000	325.93018	325.02796	600.88043	70.00000	283.11824	4.22946	2.20779	179.00000	625.06454	644.93006	326.92199	0.74831	2.53762	0.00011	0.00000	0.24149	0.06721	2023-03-23T12:27:30Z
a551475-4457945-040924-699_B19.CEL	42.00000	203.34232	1.74808	1.48929	77.00000	302.83502	302.45054	492.29167	44.00000	174.81475	5.56244	2.92066	125.00000	510.57516	525.59375	303.25768	0.88345	3.21815	0.00010	0.00000	0.12609	0.07878	2023-03-23T12:26:58Z
a551475-4457945-040924-699_B20.CEL	45.00000	231.13235	2.03102	1.51320	89.00000	349.74944	349.37312	636.12500	73.00000	254.86036	4.84091	2.62146	175.00000	668.10621	694.37649	350.16312	0.82095	2.79218	0.00010	0.00000	0.19105	0.06538	2023-03-23T12:26:26Z
a551475-4457945-040924-699_B21.CEL	45.00000	241.97059	2.32685	1.55184	91.00000	375.50000	373.86559	711.85688	75.00000	302.99212	5.15722	2.46217	200.00000	746.01716	774.07738	377.29669	0.78716	2.66640	0.00011	0.00000	0.23172	0.06459	2023-03-23T12:25:39Z
a551475-4457945-040924-699_B22.CEL	34.00000	189.76961	1.54331	1.39515	67.00000	264.75619	263.73763	415.18478	47.00000	174.48649	4.21475	2.39155	105.00000	417.29330	419.02530	265.87589	0.79899	2.83392	0.00008	0.00000	0.16764	0.06718	2023-03-23T12:25:06Z
a551475-4457945-040924-699_B23.CEL	37.00000	199.91748	1.88216	1.47193	76.00000	294.26520	294.64624	461.51087	44.00000	167.32151	5.25158	2.82174	113.00000	472.13725	480.86607	293.84634	0.86318	3.16773	0.00008	0.00000	0.13251	0.07942	2023-03-23T12:24:21Z
a551475-4457945-040924-699_B24.CEL	42.00000	244.01961	2.11755	1.48845	93.00000	363.21115	362.85054	625.56522	69.00000	230.03041	5.54303	2.80627	157.00000	645.52778	661.92560	363.60757	0.85811	3.07236	0.00011	0.00000	0.15846	0.06118	2023-03-23T12:23:36Z
a551475-4457945-040924-699_C01.CEL	49.00000	249.86438	1.75526	1.46608	90.00000	366.32095	364.23226	588.05435	57.00000	213.25338	5.60228	2.88402	149.00000	615.02696	637.18304	368.61702	0.86149	3.12673	0.00010	0.00000	0.14287	0.06407	2023-03-23T12:37:14Z
a551475-4457945-040924-699_C02.CEL	51.00000	268.22712	1.52597	1.41119	98.00000	378.51914	376.77849	673.36413	87.00000	305.89809	4.02724	2.29298	195.00000	701.41667	724.45982	380.43262	0.73142	2.49703	0.00011	0.00000	0.22579	0.07235	2023-03-23T12:37:46Z
a551475-4457945-040924-699_C03.CEL	41.00000	203.55801	1.38704	1.42845	72.00000	290.77196	288.72043	433.09239	48.00000	171.46453	4.81443	2.59964	101.00000	445.74673	456.14137	293.02719	0.82095	2.94218	0.00009	0.00000	0.15088	0.07174	2023-03-23T12:38:18Z
a551475-4457945-040924-699_C04.CEL	44.00000	225.17320	1.17539	1.34301	74.00000	302.40991	300.53763	506.74457	68.00000	253.37162	3.85930	2.10983	133.00000	534.57108	557.42857	304.46809	0.73818	2.41681	0.00010	0.00000	0.22138	0.06701	2023-03-23T12:38:52Z
a551475-4457945-040924-699_C05.CEL	40.00000	204.98203	1.15766	1.37519	71.00000	281.89020	278.16774	416.66304	50.00000	178.24775	4.63111	2.43743	91.00000	434.46569	449.08929	285.98227	0.80405	2.85038	0.00007	0.00000	0.15497	0.08783	2023-03-23T12:39:24Z
a551475-4457945-040924-699_C06.CEL	45.00000	226.45752	1.05826	1.32736	74.00000	300.59009	298.34086	508.24638	67.00000	260.58896	3.65375	2.05566	141.00000	535.68301	558.22024	303.06265	0.72297	2.37805	0.00011	0.00000	0.22456	0.07100	2023-03-23T12:39:56Z
a551475-4457945-040924-699_C07.CEL	43.00000	215.80801	1.42717	1.41741	77.00000	305.88739	303.65054	337.45471	42.00000	153.93018	4.44359	2.28308	87.00000	351.43464	362.91815	308.34634	0.79392	2.72260	0.00000	0.00000	0.18359	0.07170	2023-03-23T12:40:28Z
a551475-4457945-040924-699_C08.CEL	42.00000	241.65605	1.38542	1.34225	77.00000	324.36261	323.02151	566.21196	78.00000	304.10529	3.34384	1.95576	168.00000	594.75817	618.20685	325.83688	0.65878	2.17791	0.00011	0.00000	0.26373	0.08476	2023-03-23T12:41:15Z
a551475-4457945-040924-699_C09.CEL	37.00000	198.07516	1.28283	1.37105	68.00000	271.57038	269.51613	395.79348	46.00000	172.55687	4.16381	2.37767	94.00000	410.28268	422.18452	273.82861	0.80068	2.79152	0.00008	0.00000	0.15120	0.08432	2023-03-23T12:41:47Z
a551475-4457945-040924-699_C10.CEL	45.00000	218.45016	0.30382	1.14501	56.00000	250.12838	246.53226	345.48007	62.00000	233.86993	1.78602	1.59887	89.00000	373.92647	397.29315	254.08156	0.35811	1.23819	0.00010	0.00000	0.31026	0.08541	2023-03-23T12:42:20Z
a551475-4457945-040924-699_C11.CEL	53.00000	265.37255	1.29361	1.35319	90.00000	359.10079	356.60108	659.30072	99.00000	342.86374	3.21016	2.00448	202.00000	687.26225	710.23065	361.84870	0.69932	2.24962	0.00010	0.00000	0.28468	0.07447	2023-03-23T12:42:52Z
a551475-4457945-040924-699_C12.CEL	49.00000	237.60866	0.48711	1.21186	62.00000	287.94876	286.64946	363.66848	58.00000	194.23592	2.76916	2.03888	89.00000	396.02288	422.59970	289.37707	0.54899	2.05241	0.00011	0.00000	0.15157	0.06508	2023-03-23T12:43:26Z
a551475-4457945-040924-699_C13.CEL	41.00000	212.83088	1.59562	1.46489	79.00000	311.77309	311.21075	354.72101	40.00000	151.47748	5.06521	2.46269	85.00000	373.04167	388.09077	312.39125	0.83108	2.98960	0.00000	0.00000	0.18163	0.08391	2023-03-23T12:43:58Z
a551475-4457945-040924-699_C14.CEL	52.00000	264.55310	1.27527	1.37095	90.00000	362.68975	360.97957	589.17572	76.00000	265.70777	4.14706	2.32914	153.00000	618.87173	643.26488	364.56974	0.72973	2.47792	0.00010	0.00000	0.18658	0.06405	2023-03-23T12:44:43Z
a551475-4457945-040924-699_C15.CEL	40.00000	202.67402	1.28420	1.39871	72.00000	283.48142	284.10000	411.63949	47.00000	179.25676	4.54128	2.42423	100.00000	434.55882	453.38542	282.80142	0.82939	2.91287	0.00007	0.00000	0.16057	0.09445	2023-03-23T12:45:16Z
a551475-4457945-040924-699_C16.CEL	43.00000	195.47222	0.07097	1.07845	47.00000	210.80631	209.19677	268.74638	59.00000	200.75957	0.98888	1.45402	73.00000	291.90931	310.93601	212.57565	0.24493	1.00516	0.00010	0.00000	0.25400	0.08057	2023-03-23T12:45:49Z
a551475-4457945-040924-699_C17.CEL	40.00000	213.95752	1.41551	1.40254	81.00000	300.08333	295.93011	473.23551	48.00000	186.39809	5.22819	2.63387	113.00000	490.94771	505.49702	304.64894	0.85304	2.98033	0.00010	0.00000	0.14689	0.09355	2023-03-23T12:46:21Z
a551475-4457945-040924-699_C18.CEL	47.00000	242.14297	1.34191	1.35915	75.00000	329.10755	327.36989	542.46739	68.00000	246.37275	4.21357	2.29427	137.00000	565.24510	583.95536	331.01773	0.77872	2.67303	0.00010	0.00000	0.17608	0.06472	2023-03-23T12:46:53Z
a551475-4457945-040924-699_C19.CEL	41.00000	213.48775	1.99459	1.50516	78.00000	321.33390	320.08495	534.15399	57.00000	216.65259	4.55773	2.59392	137.00000	561.97958	584.83631	322.70686	0.82264	2.83747	0.00008	0.00000	0.19419	0.08950	2023-03-23T12:47:25Z
a551475-4457945-040924-699_C20.CEL	42.00000	252.90686	1.89107	1.38882	79.00000	351.24155	348.14301	607.23188	76.00000	273.65315	4.27695	2.32106	163.00000	635.16585	658.11161	354.64775	0.79899	2.74423	0.00009	0.00000	0.20217	0.06591	2023-03-23T12:47:58Z
a551475-4457945-040924-699_C21.CEL	41.00000	203.90441	1.64021	1.46371	77.00000	298.45608	296.27312	476.49275	47.00000	172.63063	5.67779	2.85089	109.00000	492.15033	505.01190	300.85579	0.85473	3.09080	0.00010	0.00000	0.12657	0.07660	2023-03-23T12:48:31Z
a551475-4457945-040924-699_C22.CEL	44.00000	234.17729	1.55636	1.40402	78.00000	328.79054	327.13333	557.61594	72.00000	258.07207	4.03768	2.27034	159.00000	585.91258	609.15625	330.61229	0.75676	2.55554	0.00006	0.00000	0.22752	0.07510	2023-03-23T12:49:03Z
a551475-4457945-040924-699_C23.CEL	43.00000	236.35784	1.46150	1.35861	69.00000	321.11881	319.56129	546.67754	77.00000	276.88964	3.57188	2.09204	161.00000	579.26471	606.03274	322.83097	0.69932	2.35634	0.00009	0.00000	0.24433	0.07705	2023-03-23T12:49:35Z
a551475-4457945-040924-699_C24.CEL	43.00000	241.50899	1.41698	1.35475	76.00000	327.18525	325.87527	522.01812	71.00000	235.81419	4.07638	2.29314	134.00000	540.75490	556.14583	328.62530	0.78547	2.69496	0.00010	0.00000	0.18676	0.06509	2023-03-23T12:50:08Z
a551475-4457945-040924-699_D01.CEL	50.00000	260.43464	1.63031	1.46367	105.00000	381.19144	383.59140	657.21014	70.00000	254.86824	4.84184	2.64141	180.00000	673.21078	686.35417	378.55319	0.81926	2.85503	0.00011	0.00000	0.17278	0.07460	2023-03-23T13:03:41Z
a551475-4457945-040924-699_D02.CEL	35.00000	181.75000	1.70885	1.45631	72.00000	264.68468	263.50108	408.60870	44.00000	157.25507	4.63456	2.69802	103.00000	424.27696	437.14732	265.98582	0.82601	2.92983	0.00007	0.00000	0.14712	0.08475	2023-03-23T13:03:07Z
a551475-4457945-040924-699_D03.CEL	49.00000	245.39706	1.44044	1.40668	86.00000	345.19426	342.69785	612.98188	78.00000	284.32376	3.80919	2.28216	181.00000	648.87337	678.35565	347.93853	0.71284	2.37693	0.00011	0.00000	0.24779	0.07045	2023-03-23T13:02:35Z
a551475-4457945-040924-699_D04.CEL	44.00000	216.54657	1.79853	1.50676	90.00000	326.28435	325.21720	563.99094	59.00000	201.04561	5.30770	2.91072	142.00000	585.18791	602.59970	327.45745	0.86149	3.07569	0.00010	0.00000	0.15453	0.07317	2023-03-23T13:02:03Z
a551475-4457945-040924-699_D05.CEL	46.00000	247.75654	1.62060	1.40324	85.00000	347.66216	346.19140	618.75362	86.00000	291.48423	3.66766	2.24203	186.00000	653.51552	682.06994	349.27896	0.73649	2.47936	0.00010	0.00000	0.22986	0.06933	2023-03-23T13:01:31Z
a551475-4457945-040924-699_D06.CEL	34.00000	177.23611	1.72246	1.44188	60.00000	255.55293	255.22366	382.26449	48.00000	158.39696	4.71217	2.52780	98.00000	400.39542	415.28869	255.91489	0.81588	2.96502	0.00001	0.00000	0.15826	0.07013	2023-03-23T13:00:58Z
a551475-4457945-040924-699_D07.CEL	25.00000	130.76471	1.40728	1.36442	42.00000	178.41779	177.07957	294.38949	43.00000	154.72185	3.54440	1.97144	86.00000	305.02533	313.76190	179.88889	0.69426	2.31422	0.00000	0.00000	0.22747	0.06769	2023-03-23T13:00:26Z
a551475-4457945-040924-699_D08.CEL	39.00000	193.53431	1.47214	1.43114	69.00000	276.97410	275.00645	423.92754	46.00000	163.75619	4.68766	2.67775	105.00000	438.49837	450.46726	279.13712	0.83615	3.02111	0.00010	0.00000	0.13575	0.07850	2023-03-23T12:59:54Z
a551475-4457945-040924-699_D09.CEL	44.00000	225.76879	1.35512	1.38648	77.00000	313.02477	310.36667	540.61957	68.00000	248.79955	3.87005	2.25279	157.00000	560.49428	576.81994	315.94681	0.74324	2.49795	0.00010	0.00000	0.22099	0.07069	2023-03-23T12:59:21Z
a551475-4457945-040924-699_D10.CEL	46.00000	232.67729	1.21815	1.34825	77.00000	313.70721	310.51505	548.30978	81.00000	284.94932	3.03674	2.01827	174.00000	575.10376	597.11310	317.21631	0.66385	2.13285	0.00011	0.00000	0.26340	0.07145	2023-03-23T12:58:48Z
a551475-4457945-040924-699_D11.CEL	45.00000	234.96405	1.60471	1.41605	81.00000	332.72016	331.60215	569.69022	65.00000	248.63964	4.79335	2.39079	145.00000	594.44444	614.77827	333.94917	0.79054	2.71647	0.00011	0.00000	0.17368	0.07632	2023-03-23T12:58:15Z
a551475-4457945-040924-699_D12.CEL	40.00000	213.02533	1.35765	1.34928	68.00000	287.43187	286.13118	505.76449	68.00000	263.60586	3.35090	2.00293	149.00000	527.98366	546.23512	288.86170	0.66047	2.12876	0.00010	0.00000	0.29210	0.07227	2023-03-23T12:57:43Z
a551475-4457945-040924-699_D13.CEL	39.00000	209.49183	1.46153	1.38435	70.00000	290.01014	287.77742	496.11413	66.00000	241.73086	4.16069	2.14275	129.00000	517.96977	535.92262	292.46454	0.73818	2.48548	0.00004	0.00000	0.21998	0.07328	2023-03-23T12:57:11Z
a551475-4457945-040924-699_D14.CEL	33.00000	176.29330	1.55848	1.41631	62.00000	249.68525	247.13656	373.44384	39.00000	146.45383	4.67727	2.62546	90.00000	384.50817	393.59673	252.48700	0.84291	3.04093	0.00005	0.00000	0.14073	0.08588	2023-03-23T12:56:37Z
a551475-4457945-040924-699_D15.CEL	42.00000	222.79330	1.22825	1.34772	73.00000	300.26351	298.60430	532.02174	74.00000	272.36036	3.41551	2.04556	158.00000	557.12827	577.75149	302.08747	0.66047	2.14366	0.00011	0.00000	0.26942	0.06742	2023-03-23T12:56:05Z
a551475-4457945-040924-699_D16.CEL	40.00000	207.09150	1.31620	1.38300	68.00000	286.40766	283.51828	460.35507	54.00000	194.29279	4.20757	2.46380	125.00000	478.69771	493.76488	289.58392	0.80405	2.81988	0.00010	0.00000	0.16256	0.07031	2023-03-23T12:55:33Z
a551475-4457945-040924-699_D17.CEL	42.00000	222.69118	1.35135	1.33857	67.00000	298.08727	294.80323	498.79167	69.00000	273.80631	3.14576	1.92190	142.00000	526.22794	548.76488	301.69740	0.65709	2.15127	0.00005	0.00000	0.31401	0.09384	2023-03-23T12:55:00Z
a551475-4457945-040924-699_D18.CEL	35.00000	199.11846	1.45572	1.36005	61.00000	270.81137	269.23763	415.98913	48.00000	181.94989	4.33680	2.35241	102.00000	428.02042	437.90327	272.54137	0.81926	2.90631	0.00008	0.00000	0.15698	0.06339	2023-03-23T12:54:26Z
a551475-4457945-040924-699_D19.CEL	51.00000	250.00490	1.36861	1.38573	85.00000	346.43863	345.46022	651.09420	85.00000	305.23367	3.56360	2.21443	204.00000	675.91912	696.31101	347.51418	0.72297	2.40907	0.00011	0.00000	0.24107	0.06695	2023-03-23T12:53:53Z
a551475-4457945-040924-699_D20.CEL	32.00000	185.51961	1.91012	1.50283	72.00000	278.80462	277.08172	432.16848	38.00000	157.29842	6.07880	2.87494	96.00000	452.22386	468.69792	280.69858	0.87838	3.15799	0.00007	0.00000	0.16021	0.10062	2023-03-23T12:53:20Z
a551475-4457945-040924-699_D21.CEL	37.00000	195.98775	1.34470	1.37988	61.00000	270.44032	267.84731	431.85326	56.00000	203.55124	3.85048	2.20595	121.00000	449.02288	463.12649	273.29078	0.73649	2.48163	0.00006	0.00000	0.23965	0.07505	2023-03-23T12:52:48Z
a551475-4457945-040924-699_D22.CEL	46.00000	239.62500	1.87486	1.45981	89.00000	349.80800	348.65269	627.89493	76.00000	278.17568	4.25363	2.35140	193.00000	654.10212	675.62946	351.07801	0.76182	2.58392	0.00011	0.00000	0.23577	0.06683	2023-03-23T12:52:00Z
a551475-4457945-040924-699_D23.CEL	40.00000	214.83007	1.30000	1.36366	70.00000	292.95552	292.14516	466.31703	58.00000	209.71678	4.24744	2.31869	116.00000	486.26716	502.65476	293.84634	0.79054	2.71728	0.00010	0.00000	0.17138	0.06547	2023-03-23T12:51:27Z
a551475-4457945-040924-699_D24.CEL	39.00000	214.94526	1.95027	1.45537	79.00000	312.82545	312.16559	489.53986	51.00000	185.42230	5.04076	2.73210	120.00000	506.59314	520.60119	313.55083	0.84459	3.04039	0.00008	0.00000	0.14244	0.07571	2023-03-23T12:50:54Z
a551475-4457945-040924-699_E01.CEL	52.00000	262.58333	1.43581	1.42306	100.00000	373.67061	371.31505	597.67572	66.00000	228.58671	5.22706	2.72214	147.00000	622.24592	642.42857	376.26005	0.83108	2.99717	0.00010	0.00000	0.13794	0.08144	2023-03-23T13:04:14Z
a551475-4457945-040924-699_E02.CEL	48.00000	251.70425	1.46337	1.39303	85.00000	350.63063	348.36022	625.74638	78.00000	304.31644	3.97391	2.15493	173.00000	655.78186	680.45387	353.12648	0.72804	2.36629	0.00010	0.00000	0.23879	0.06270	2023-03-23T13:04:46Z
a551475-4457945-040924-699_E03.CEL	41.00000	229.81209	1.59895	1.39803	77.00000	321.28491	318.93656	517.17391	57.00000	206.32601	4.92206	2.62864	133.00000	542.35703	563.04315	323.86643	0.80405	2.90199	0.00010	0.00000	0.15379	0.06283	2023-03-23T13:05:18Z
a551475-4457945-040924-699_E04.CEL	40.00000	217.79412	1.45504	1.39595	73.00000	304.02984	302.27097	525.07790	66.00000	246.16216	3.89586	2.24066	151.00000	551.56618	573.32440	305.96336	0.72466	2.41410	0.00010	0.00000	0.26792	0.07384	2023-03-23T13:05:51Z
a551475-4457945-040924-699_E05.CEL	44.00000	225.82353	1.45969	1.40840	80.00000	318.04955	315.34086	477.88225	52.00000	192.33784	4.83145	2.63309	117.00000	506.44281	529.90327	321.02719	0.81757	2.92070	0.00010	0.00000	0.13865	0.07768	2023-03-23T13:06:23Z
a551475-4457945-040924-699_E06.CEL	49.00000	257.16095	1.44758	1.39410	83.00000	358.50901	357.01720	655.04710	81.00000	326.90766	4.04760	2.11267	184.00000	690.64951	719.89435	360.14894	0.72297	2.38662	0.00016	0.00000	0.25782	0.06805	2023-03-23T13:06:55Z
a551475-4457945-040924-699_E07.CEL	22.00000	120.41748	1.57414	1.39971	40.00000	168.55011	167.67204	247.09420	30.00000	114.90372	4.62400	2.24342	60.00000	257.77778	266.55357	169.51537	0.80912	2.86621	0.00000	0.00000	0.15120	0.06846	2023-03-23T13:07:29Z
a551475-4457945-040924-699_E08.CEL	40.00000	209.54739	0.90017	1.28185	62.00000	268.60755	266.20108	437.72464	67.00000	237.63232	2.66975	1.92994	131.00000	458.61601	475.77679	271.25296	0.62500	2.11694	0.00008	0.00000	0.25843	0.08361	2023-03-23T13:08:15Z
a551475-4457945-040924-699_E09.CEL	43.00000	234.91993	2.03130	1.49204	85.00000	350.51070	348.58495	618.15217	65.00000	269.66836	4.56104	2.40466	174.00000	648.46160	673.35863	352.62766	0.78209	2.65612	0.00010	0.00000	0.19262	0.06141	2023-03-23T13:08:48Z
a551475-4457945-040924-699_E10.CEL	45.00000	210.13807	0.55691	1.23921	61.00000	260.40597	255.91720	319.86594	49.00000	168.74324	3.04865	2.10256	83.00000	354.79248	383.48214	265.34043	0.61318	2.23234	0.00004	0.00000	0.13994	0.07516	2023-03-23T13:09:21Z
a551475-4457945-040924-699_E11.CEL	43.00000	222.90359	1.70309	1.44233	79.00000	321.50113	318.08602	500.81703	64.00000	215.28998	4.48740	2.46811	137.00000	531.36029	556.44940	325.25532	0.80743	2.81937	0.00007	0.00000	0.15999	0.07264	2023-03-23T13:09:53Z
a551475-4457945-040924-699_E12.CEL	29.00000	135.57516	0.18974	1.13243	35.00000	153.52872	151.72903	185.80072	36.00000	130.75169	1.51250	1.54429	52.00000	201.91830	215.15774	155.50709	0.37838	1.37028	0.00000	0.00000	0.25687	0.10959	2023-03-23T13:10:26Z
a551475-4457945-040924-699_E13.CEL	36.00000	189.95425	1.23419	1.36521	63.00000	259.32658	257.92258	249.55797	33.00000	119.97917	4.09640	2.18915	60.00000	262.65278	273.40923	260.86998	0.78547	2.76048	0.00000	0.00000	0.13833	0.11254	2023-03-23T13:10:59Z
a551475-4457945-040924-699_E14.CEL	39.00000	234.42320	1.93960	1.42939	77.00000	335.08277	333.46344	569.46014	68.00000	266.27646	4.10722	2.24066	158.00000	596.63399	618.95536	336.86288	0.75507	2.49560	0.00010	0.00000	0.23977	0.06495	2023-03-23T13:11:32Z
a551475-4457945-040924-699_E15.CEL	44.00000	224.96487	1.74085	1.45528	81.00000	327.38739	326.06344	537.80435	59.00000	220.64921	5.28343	2.59081	132.00000	571.65931	599.46875	328.84279	0.83615	2.91510	0.00008	0.00000	0.17089	0.06981	2023-03-23T13:12:05Z
a551475-4457945-040924-699_E16.CEL	39.00000	219.00899	0.83934	1.26319	63.00000	276.65034	274.08495	436.45652	62.00000	239.65259	2.80942	1.90530	127.00000	456.60948	473.16369	279.47045	0.57601	1.93506	0.00009	0.00000	0.25305	0.07459	2023-03-23T13:12:39Z
a551475-4457945-040924-699_E17.CEL	43.00000	213.99183	1.41698	1.40790	76.00000	301.27984	300.00860	471.78804	53.00000	191.02534	4.73328	2.59298	118.00000	495.32435	514.65774	302.67730	0.83615	3.04607	0.00009	0.00000	0.13339	0.08092	2023-03-23T13:13:12Z
a551475-4457945-040924-699_E18.CEL	44.00000	254.59314	1.65283	1.37842	80.00000	350.93694	350.02366	609.80254	76.00000	285.52083	4.15390	2.25338	172.00000	643.38725	670.97470	351.94090	0.76520	2.56904	0.00010	0.00000	0.18638	0.06370	2023-03-23T13:13:44Z
a551475-4457945-040924-699_E19.CEL	40.00000	204.22549	1.77443	1.46136	67.00000	298.44651	294.72473	502.27536	51.00000	211.43356	5.33734	2.53139	119.00000	535.21977	562.28125	302.53783	0.82432	2.88306	0.00007	0.00000	0.16135	0.07033	2023-03-23T13:14:16Z
a551475-4457945-040924-699_E20.CEL	43.00000	215.67729	0.98099	1.31637	64.00000	283.91160	280.02151	454.16123	65.00000	217.46340	3.21452	2.17231	128.00000	472.39706	487.37649	288.18794	0.69595	2.41586	0.00010	0.00000	0.19287	0.06968	2023-03-23T13:14:50Z
a551475-4457945-040924-699_E21.CEL	45.00000	245.35131	1.80387	1.43599	81.00000	352.32320	349.65806	658.86957	76.00000	318.58559	4.04676	2.16233	202.00000	688.88562	713.54167	355.25296	0.73480	2.45467	0.00011	0.00000	0.27002	0.07314	2023-03-24T06:24:36Z
a551475-4457945-040924-699_E22.CEL	39.00000	214.89461	2.06039	1.50488	84.00000	323.39077	322.15054	519.76812	49.00000	184.74155	5.72995	2.94740	134.00000	544.50654	564.82738	324.75414	0.88682	3.31419	0.00010	0.00000	0.13996	0.07597	2023-03-23T13:15:44Z
a551475-4457945-040924-699_E23.CEL	45.00000	226.27451	1.89505	1.46169	79.00000	330.74324	327.82473	550.35507	57.00000	211.38401	5.29732	2.74384	139.00000	580.00490	604.36012	333.95154	0.83953	2.98014	0.00010	0.00000	0.16284	0.07054	2023-03-23T13:16:50Z
a551475-4457945-040924-699_E24.CEL	44.00000	229.45997	1.11538	1.29924	64.00000	298.12331	297.88602	449.71196	64.00000	222.32151	3.57670	2.13679	115.00000	475.05474	495.87202	298.38416	0.70777	2.45736	0.00008	0.00000	0.19518	0.07437	2023-03-23T13:17:22Z
a551475-4457945-040924-699_F01.CEL	43.00000	227.50817	1.82521	1.47792	85.00000	336.23818	336.25484	558.87138	58.00000	208.05349	5.24923	2.82650	143.00000	588.06373	612.04315	336.21986	0.83784	2.91327	0.00010	0.00000	0.15396	0.06417	2023-03-23T13:30:48Z
a551475-4457945-040924-699_F02.CEL	38.00000	191.57435	1.81097	1.54016	82.00000	295.05462	292.88387	472.08877	39.00000	161.93581	6.17062	3.00099	110.00000	485.96814	497.36905	297.44090	0.87500	3.25449	0.00006	0.00000	0.15069	0.07952	2023-03-23T13:30:16Z
a551475-4457945-040924-699_F03.CEL	43.00000	228.79003	1.84162	1.47006	81.00000	336.33559	334.82688	589.71377	64.00000	253.02027	4.52844	2.48335	163.00000	628.33742	660.06399	337.99409	0.79730	2.70157	0.00011	0.00000	0.21994	0.06702	2023-03-23T13:29:43Z
a551475-4457945-040924-699_F04.CEL	50.00000	246.22059	1.50339	1.40119	85.00000	345.00113	343.80108	620.53804	80.00000	311.93356	3.80063	2.08536	174.00000	650.49265	675.09821	346.32033	0.71791	2.30663	0.00010	0.00000	0.30116	0.08204	2023-03-23T13:29:10Z
a551475-4457945-040924-699_F05.CEL	39.00000	225.98284	2.30594	1.52591	82.00000	344.83052	343.86882	602.10507	61.00000	251.36599	5.27022	2.54538	162.00000	639.82190	670.80357	345.88771	0.81419	2.80285	0.00010	0.00000	0.20422	0.06442	2023-03-23T13:28:38Z
a551475-4457945-040924-699_F06.CEL	43.00000	219.58578	1.70685	1.47299	85.00000	323.44764	322.32258	528.05254	54.00000	194.92793	5.31483	2.82659	133.00000	550.98039	569.81399	324.68440	0.85811	3.04370	0.00011	0.00000	0.14986	0.07111	2023-03-23T13:28:07Z
a551475-4457945-040924-699_F07.CEL	26.00000	131.91340	1.35069	1.39063	44.00000	183.44313	182.58602	301.94565	41.00000	156.75732	3.57446	2.01331	89.00000	315.60049	326.81696	184.38534	0.72466	2.41639	0.00000	0.00000	0.24737	0.07559	2023-03-23T13:27:33Z
a551475-4457945-040924-699_F08.CEL	33.00000	169.85866	1.57549	1.42192	59.00000	241.52477	240.84409	369.50725	39.00000	149.61430	4.90581	2.56210	92.00000	383.32680	394.67857	242.27305	0.83108	3.03191	0.00003	0.00000	0.14385	0.07503	2023-03-23T13:27:01Z
a551475-4457945-040924-699_F09.CEL	33.00000	198.30474	1.79340	1.44243	72.00000	286.03998	286.23333	453.90761	53.00000	191.45777	4.31169	2.48375	124.00000	475.53350	493.29762	285.82742	0.81588	2.83621	0.00009	0.00000	0.19340	0.07027	2023-03-23T13:26:29Z
a551475-4457945-040924-699_F10.CEL	43.00000	232.49183	2.14232	1.51091	80.00000	351.27309	350.06452	631.17935	75.00000	264.56419	4.75194	2.53856	181.00000	671.61275	704.82589	352.60165	0.80574	2.76727	0.00010	0.00000	0.20489	0.06147	2023-03-23T13:25:42Z
a551475-4457945-040924-699_F11.CEL	47.00000	247.52696	1.20432	1.32368	80.00000	327.64752	323.85914	582.95833	83.00000	313.01971	3.35887	1.96103	169.00000	613.84232	639.21131	331.81206	0.69088	2.17103	0.00011	0.00000	0.27886	0.06605	2023-03-23T13:25:09Z
a551475-4457945-040924-699_F12.CEL	35.00000	184.60539	1.67202	1.43988	65.00000	265.81025	264.10000	388.69203	40.00000	151.69820	4.67985	2.67781	97.00000	406.21895	420.61607	267.69031	0.84459	3.01781	0.00008	0.00000	0.13068	0.07568	2023-03-23T13:24:37Z
a551475-4457945-040924-699_F13.CEL	21.00000	109.90850	1.20351	1.35397	34.00000	148.81250	147.65914	227.70290	33.00000	118.22016	3.26480	1.99260	64.00000	235.56536	242.02381	150.08038	0.73818	2.46666	0.00000	0.00000	0.21364	0.07246	2023-03-23T13:24:05Z
a551475-4457945-040924-699_F14.CEL	31.00000	164.21078	1.85266	1.47042	60.00000	241.45833	239.75484	384.50181	40.00000	147.13288	4.99851	2.70460	94.00000	397.93627	408.97173	243.33097	0.85135	3.08757	0.00005	0.00000	0.13462	0.07896	2023-03-23T13:23:33Z
a551475-4457945-040924-699_F15.CEL	40.00000	230.37092	2.04533	1.48636	85.00000	342.41441	340.92043	621.61594	68.00000	265.00169	4.53112	2.47140	187.00000	654.92484	682.28571	344.05674	0.78378	2.63350	0.00011	0.00000	0.21728	0.06286	2023-03-23T13:22:59Z
a551475-4457945-040924-699_F16.CEL	43.00000	208.06209	0.90967	1.30862	64.00000	272.27365	271.14194	485.41848	65.00000	270.49437	3.14900	1.87161	131.00000	506.26062	523.38095	273.51773	0.63851	1.99129	0.00009	0.00000	0.33156	0.07668	2023-03-23T13:22:27Z
a551475-4457945-040924-699_F17.CEL	47.00000	240.59232	1.44851	1.39075	78.00000	334.60473	332.68602	596.21196	76.00000	275.92005	4.11377	2.28065	173.00000	629.27614	656.43601	336.71395	0.75676	2.52500	0.00011	0.00000	0.20379	0.06424	2023-03-23T13:21:54Z
a551475-4457945-040924-699_F18.CEL	35.00000	186.83824	1.35667	1.37071	59.00000	256.10135	253.63978	382.04348	46.00000	169.27928	4.19614	2.35151	97.00000	398.06209	411.22024	258.80733	0.78716	2.77544	0.00008	0.00000	0.16343	0.06271	2023-03-23T13:21:23Z
a551475-4457945-040924-699_F19.CEL	43.00000	213.71650	1.27837	1.36807	69.00000	292.38007	290.48817	523.64674	68.00000	272.53097	3.34408	2.00663	153.00000	546.87010	565.94643	294.45981	0.66723	2.14041	0.00011	0.00000	0.28332	0.07224	2023-03-23T13:20:49Z
a551475-4457945-040924-699_F20.CEL	35.00000	184.88971	2.14979	1.54845	72.00000	286.29167	286.25054	470.23551	40.00000	158.43356	5.92041	3.06341	111.00000	485.34722	497.76042	286.33688	0.88851	3.25029	0.00009	0.00000	0.13131	0.07483	2023-03-23T13:20:17Z
a551475-4457945-040924-699_F21.CEL	39.00000	202.10539	1.67544	1.44146	77.00000	291.32714	289.73871	475.44203	55.00000	195.00676	4.65941	2.53866	135.00000	495.05556	511.16667	293.07329	0.82432	2.81802	0.00010	0.00000	0.17954	0.07205	2023-03-23T13:19:44Z
a551475-4457945-040924-699_F22.CEL	43.00000	232.19363	1.65410	1.42269	78.00000	330.33896	328.65484	571.65399	71.00000	253.95101	4.02948	2.36866	170.00000	601.52451	626.06101	332.19031	0.76182	2.58595	0.00010	0.00000	0.21724	0.06210	2023-03-23T13:19:12Z
a551475-4457945-040924-699_F23.CEL	45.00000	240.39052	1.68621	1.41922	84.00000	341.16667	338.50538	615.52536	76.00000	300.17962	3.99021	2.16588	185.00000	650.15359	678.59821	344.09220	0.73142	2.41193	0.00011	0.00000	0.28805	0.06818	2023-03-23T13:18:39Z
a551475-4457945-040924-699_F24.CEL	44.00000	222.65850	1.98864	1.51007	89.00000	336.22973	334.45161	536.59601	48.00000	184.99268	6.12014	3.02103	127.00000	558.86846	577.16369	338.18440	0.85980	3.10733	0.00010	0.00000	0.12631	0.07569	2023-03-23T13:17:54Z
a551475-4457945-040924-699_G01.CEL	53.00000	264.11520	0.96767	1.29206	83.00000	341.25338	339.53118	552.20109	77.00000	277.99718	3.39522	2.09034	155.00000	581.10948	604.85565	343.14657	0.69595	2.32622	0.00010	0.00000	0.20899	0.07197	2023-03-23T13:31:21Z
a551475-4457945-040924-699_G02.CEL	40.00000	220.45507	1.30695	1.37388	74.00000	302.87894	299.55806	455.52536	54.00000	199.13457	3.93602	2.39075	116.00000	476.08007	492.96429	306.52955	0.74662	2.60729	0.00010	0.00000	0.15945	0.07736	2023-03-23T13:31:53Z
a551475-4457945-040924-699_G03.CEL	46.00000	233.26062	0.98931	1.29773	71.00000	302.71002	298.47957	516.33333	71.00000	288.89414	3.04032	1.88540	149.00000	544.67974	567.96429	307.36052	0.62331	1.99175	0.00010	0.00000	0.28628	0.07437	2023-03-23T13:32:25Z
a551475-4457945-040924-699_G04.CEL	48.00000	199.88807	1.21158	1.44373	73.00000	288.58502	288.22796	427.05435	45.00000	165.84009	5.03551	2.72243	100.00000	451.48856	471.55952	288.97754	0.79899	2.75707	0.00010	0.00000	0.16026	0.10058	2023-03-23T13:32:57Z
a551475-4457945-040924-699_G05.CEL	40.00000	216.07026	1.30366	1.34824	67.00000	291.31363	287.63871	437.25362	55.00000	201.83559	4.31883	2.31365	114.00000	466.97631	491.39137	295.35343	0.75845	2.53845	0.00008	0.00000	0.19191	0.07358	2023-03-23T13:33:30Z
a551475-4457945-040924-699_G06.CEL	40.00000	208.93954	0.96154	1.28277	60.00000	268.02083	265.84409	456.04529	66.00000	267.39020	2.75222	1.79164	112.00000	479.06618	497.97619	270.41371	0.63682	1.91994	0.00008	0.00000	0.35193	0.11624	2023-03-23T13:34:01Z
a551475-4457945-040924-699_G07.CEL	24.00000	118.10948	1.65458	1.48944	47.00000	175.91723	174.31398	260.32971	29.00000	105.37050	4.83989	2.58457	68.00000	272.33742	282.20089	177.67967	0.84291	3.07032	0.00000	0.00000	0.13643	0.07449	2023-03-23T13:34:34Z
a551475-4457945-040924-699_G08.CEL	44.00000	230.10866	1.06128	1.30232	68.00000	299.67568	297.63441	518.89855	72.00000	283.16104	3.32396	1.93651	150.00000	548.34477	572.53274	301.91962	0.63682	2.06378	0.00008	0.00000	0.26127	0.06677	2023-03-23T13:35:06Z
a551475-4457945-040924-699_G09.CEL	37.00000	195.40359	1.49697	1.42820	70.00000	279.07489	277.23871	407.00725	44.00000	159.67005	4.79416	2.62370	96.00000	418.92565	428.71577	281.09338	0.82095	2.89135	0.00009	0.00000	0.16042	0.07501	2023-03-23T13:35:38Z
a551475-4457945-040924-699_G10.CEL	50.00000	236.48611	0.35010	1.16124	61.00000	274.61768	271.31720	388.97101	69.00000	251.68131	1.83859	1.66831	110.00000	419.88317	445.27530	278.24586	0.36486	1.39312	0.00010	0.00000	0.29349	0.07469	2023-03-23T13:36:10Z
a551475-4457945-040924-699_G11.CEL	39.00000	215.67320	1.06096	1.30675	71.00000	281.82995	280.05484	450.29348	61.00000	244.22128	3.25134	1.93016	119.00000	471.38644	488.71280	283.78132	0.70101	2.23451	0.00011	0.00000	0.24379	0.08818	2023-03-23T13:36:43Z
a551475-4457945-040924-699_G12.CEL	41.00000	206.14052	1.87190	1.48523	73.00000	306.16667	305.69677	524.33696	63.00000	212.72297	4.84713	2.57364	140.00000	547.47304	566.47768	306.68322	0.82264	2.88200	0.00009	0.00000	0.17287	0.07134	2023-03-23T13:37:14Z
a551475-4457945-040924-699_G13.CEL	41.00000	209.94608	1.12481	1.32887	64.00000	278.99155	275.71828	457.07246	67.00000	246.04279	3.30309	1.96692	123.00000	483.94771	506.02381	282.58983	0.71115	2.39204	0.00002	0.00000	0.24519	0.08812	2023-03-23T13:37:47Z
a551475-4457945-040924-699_G14.CEL	38.00000	216.00572	2.30505	1.52285	83.00000	328.94426	328.69032	575.00725	61.00000	214.99381	5.02648	2.81253	158.00000	604.67565	629.04613	329.22340	0.82939	2.90868	0.00011	0.00000	0.17253	0.06993	2023-03-23T13:38:18Z
a551475-4457945-040924-699_G15.CEL	44.00000	239.15523	1.58703	1.38045	77.00000	330.14077	328.48817	592.08877	72.00000	298.38176	3.71875	2.07635	171.00000	619.54412	642.09673	331.95745	0.71791	2.33205	0.00010	0.00000	0.27087	0.08112	2023-03-23T13:38:52Z
a551475-4457945-040924-699_G16.CEL	33.00000	181.74592	1.30968	1.35124	58.00000	245.58221	243.19355	337.56341	41.00000	153.98423	4.20914	2.26184	75.00000	348.28840	357.09821	248.20804	0.78547	2.77193	0.00004	0.00000	0.15656	0.07878	2023-03-23T13:39:23Z
a551475-4457945-040924-699_G17.CEL	38.00000	206.61928	2.00982	1.49602	73.00000	309.10698	308.00860	519.12319	56.00000	214.74324	4.93144	2.53554	135.00000	544.49101	565.32887	310.31442	0.82264	2.84316	0.00009	0.00000	0.18916	0.07212	2023-03-23T13:39:55Z
a551475-4457945-040924-699_G18.CEL	37.00000	209.26879	1.65385	1.43270	70.00000	299.81869	298.40753	493.76630	62.00000	229.00450	3.92079	2.29083	135.00000	524.61029	549.94643	301.36998	0.75169	2.54221	0.00008	0.00000	0.23999	0.07267	2023-03-23T13:40:28Z
a551475-4457945-040924-699_G19.CEL	38.00000	190.26062	1.33197	1.41758	70.00000	269.70946	267.85806	395.65580	43.00000	157.12669	4.60664	2.54068	93.00000	399.20915	402.12798	271.74468	0.82939	2.95035	0.00010	0.00000	0.14902	0.08627	2023-03-23T13:41:01Z
a551475-4457945-040924-699_G20.CEL	45.00000	246.16095	1.52830	1.38224	81.00000	340.25394	339.65484	587.48913	77.00000	274.22917	4.15690	2.24442	173.00000	615.48529	638.48214	340.91253	0.74324	2.50596	0.00010	0.00000	0.21877	0.07145	2023-03-23T13:41:33Z
a551475-4457945-040924-699_G21.CEL	38.00000	193.50163	1.66936	1.46267	74.00000	283.02928	281.51398	421.31703	40.00000	154.80856	5.43211	2.82751	100.00000	437.72222	451.19792	284.69504	0.84797	3.07283	0.00010	0.00000	0.14236	0.07994	2023-03-23T13:42:06Z
a551475-4457945-040924-699_G22.CEL	41.00000	224.95997	1.33561	1.33451	71.00000	300.21059	297.53226	529.19384	70.00000	293.60923	3.32501	1.88228	159.00000	552.65359	571.92411	303.15485	0.64020	2.09460	0.00009	0.00000	0.31930	0.10180	2023-03-23T13:42:38Z
a551475-4457945-040924-699_G23.CEL	46.00000	240.19444	2.00356	1.47673	87.00000	354.70270	353.65054	598.69384	62.00000	242.57489	5.15556	2.59104	165.00000	628.52124	653.02232	355.85934	0.81757	2.82683	0.00011	0.00000	0.17764	0.06912	2023-03-23T13:43:11Z
a551475-4457945-040924-699_G24.CEL	46.00000	242.86356	2.47813	1.57036	97.00000	381.38345	379.79462	671.22101	63.00000	226.45158	6.26537	3.09232	161.00000	700.25980	724.11310	383.13002	0.87838	3.14857	0.00010	0.00000	0.14980	0.05779	2023-03-23T13:43:56Z
a551475-4457945-040924-699_H01.CEL	53.00000	250.26879	1.59279	1.48316	100.00000	371.18750	370.03978	649.33696	73.00000	251.86036	4.85733	2.69803	175.00000	679.52696	704.32589	372.44917	0.80574	2.78057	0.00011	0.00000	0.18644	0.07849	2023-03-23T13:57:06Z
a551475-4457945-040924-699_H02.CEL	44.00000	224.80964	1.47643	1.42944	86.00000	321.35135	321.21183	538.89130	61.00000	232.94200	4.01297	2.38833	152.00000	556.34150	570.67560	321.50473	0.76182	2.62537	0.00010	0.00000	0.19212	0.07410	2023-03-23T13:56:34Z
a551475-4457945-040924-699_H03.CEL	37.00000	200.96732	1.89347	1.50332	78.00000	302.11768	299.99462	452.61775	43.00000	164.11768	5.81672	2.93891	105.00000	482.32680	506.73065	304.45154	0.85642	3.12621	0.00009	0.00000	0.14338	0.07608	2023-03-23T13:56:00Z
a551475-4457945-040924-699_H04.CEL	42.00000	212.43791	1.80808	1.49143	86.00000	316.83559	315.10323	523.62681	57.00000	200.77421	4.93133	2.70085	137.00000	542.26062	557.56696	318.73995	0.82601	2.86881	0.00010	0.00000	0.17535	0.07441	2023-03-23T13:55:29Z
a551475-4457945-040924-699_H05.CEL	43.00000	222.40114	1.47419	1.38409	72.00000	307.82320	306.46022	549.63406	71.00000	285.96059	3.50979	2.00021	143.00000	571.98039	590.33631	309.32151	0.67905	2.19594	0.00010	0.00000	0.25928	0.07051	2023-03-23T13:54:57Z
a551475-4457945-040924-699_H06.CEL	37.00000	191.02206	1.56325	1.44669	70.00000	276.35023	276.63118	418.28804	45.00000	163.60529	4.68128	2.65443	108.00000	434.27941	447.41518	276.04137	0.82601	2.98878	0.00008	0.00000	0.14479	0.07931	2023-03-23T13:54:24Z
a551475-4457945-040924-699_H07.CEL	24.00000	128.84395	1.64829	1.42831	44.00000	184.02928	182.66774	272.75362	36.00000	138.58727	4.16792	2.06431	73.00000	286.08660	297.03869	185.52600	0.77365	2.59685	0.00000	0.00000	0.21435	0.08211	2023-03-23T13:53:51Z
a551475-4457945-040924-699_H08.CEL	40.00000	214.12582	1.77163	1.44276	75.00000	308.93131	309.30108	492.33877	52.00000	196.15991	5.27545	2.62413	114.00000	514.74837	533.15625	308.52482	0.83446	2.83886	0.00007	0.00000	0.16361	0.06717	2023-03-23T13:53:18Z
a551475-4457945-040924-699_H09.CEL	46.00000	231.87745	1.32798	1.38087	74.00000	320.19369	317.76022	548.45833	70.00000	272.32038	3.84026	2.12427	160.00000	578.48284	603.14583	322.86879	0.72804	2.37205	0.00009	0.00000	0.27106	0.07289	2023-03-23T13:52:46Z
a551475-4457945-040924-699_H10.CEL	38.00000	207.10539	2.09176	1.51873	81.00000	314.53773	314.38710	524.22464	53.00000	200.69595	5.22870	2.75078	135.00000	552.06944	574.94196	314.70331	0.85304	2.97849	0.00009	0.00000	0.17404	0.07160	2023-03-23T13:52:14Z
a551475-4457945-040924-699_H11.CEL	40.00000	209.97141	1.56273	1.39613	69.00000	293.14752	289.70538	437.81522	50.00000	177.99155	4.66526	2.55945	106.00000	455.56046	470.13690	296.93144	0.82770	2.93892	0.00010	0.00000	0.14212	0.07587	2023-03-23T13:51:40Z
a551475-4457945-040924-699_H12.CEL	35.00000	188.22712	1.76444	1.46333	67.00000	275.43750	274.60538	436.44022	45.00000	169.43412	5.44790	2.68654	102.00000	455.19199	470.59524	276.35225	0.84966	3.08853	0.00006	0.00000	0.13743	0.07398	2023-03-23T13:51:08Z
a551475-4457945-040924-699_H13.CEL	43.00000	221.32843	1.65410	1.45306	78.00000	321.60248	318.05376	559.79710	65.00000	224.77984	5.30876	2.61004	139.00000	586.68382	608.76935	325.50355	0.82939	2.93880	0.00009	0.00000	0.15454	0.07117	2023-03-23T13:50:37Z
a551475-4457945-040924-699_H14.CEL	42.00000	230.73529	1.35900	1.35227	71.00000	312.01745	309.56022	543.65036	68.00000	283.42342	3.40376	2.00626	161.00000	568.62173	589.13393	314.71868	0.69595	2.25536	0.00009	0.00000	0.26912	0.07973	2023-03-23T13:49:51Z
a551475-4457945-040924-699_H15.CEL	34.00000	189.00490	2.10519	1.49039	68.00000	281.69144	280.43548	419.34420	42.00000	155.36881	5.32625	2.83552	100.00000	440.55065	457.97024	283.07210	0.87331	3.09352	0.00006	0.00000	0.14978	0.06955	2023-03-23T13:49:18Z
a551475-4457945-040924-699_H16.CEL	39.00000	214.63889	1.97275	1.48556	79.00000	318.85923	315.86344	536.75362	61.00000	217.77928	4.51191	2.57371	152.00000	560.50082	580.00744	322.15248	0.79899	2.76108	0.00010	0.00000	0.19178	0.06661	2023-03-23T13:48:46Z
a551475-4457945-040924-699_H17.CEL	42.00000	223.29085	1.25548	1.32956	69.00000	296.87950	295.24731	489.67754	67.00000	255.95721	3.20311	2.02789	137.00000	519.05310	543.18304	298.67376	0.68412	2.21395	0.00010	0.00000	0.21298	0.06393	2023-03-23T13:48:13Z
a551475-4457945-040924-699_H18.CEL	37.00000	184.30637	1.76286	1.50050	72.00000	276.55124	272.80968	426.41667	41.00000	150.23086	5.18507	2.92986	103.00000	440.15523	451.44048	280.66430	0.85473	3.06819	0.00010	0.00000	0.14195	0.08641	2023-03-23T13:47:41Z
a551475-4457945-040924-699_H19.CEL	40.00000	214.18954	1.35190	1.35875	71.00000	291.03097	290.20323	504.25543	67.00000	254.97579	3.38547	2.05235	146.00000	523.29902	538.94196	291.94090	0.70101	2.28322	0.00010	0.00000	0.26074	0.07349	2023-03-23T13:47:08Z
a551475-4457945-040924-699_H20.CEL	37.00000	196.48366	1.67293	1.42304	67.00000	279.60360	275.94301	433.17935	50.00000	174.91385	4.89340	2.55152	104.00000	446.29657	457.07143	283.62766	0.82601	2.95810	0.00009	0.00000	0.15406	0.06258	2023-03-23T13:46:36Z
a551475-4457945-040924-699_H21.CEL	42.00000	201.17320	1.25548	1.38196	69.00000	278.01351	274.16774	473.44203	64.00000	240.10248	3.37741	2.06463	137.00000	495.72222	514.02381	282.24113	0.70777	2.22621	0.00010	0.00000	0.28387	0.08380	2023-03-23T13:46:05Z
a551475-4457945-040924-699_H22.CEL	37.00000	196.21814	1.51055	1.38946	65.00000	272.63795	270.89892	423.89855	50.00000	179.10135	4.03873	2.41889	111.00000	433.22631	440.88839	274.54965	0.77365	2.69723	0.00010	0.00000	0.17517	0.07389	2023-03-23T13:45:32Z
a551475-4457945-040924-699_H23.CEL	39.00000	189.21732	1.71057	1.51106	76.00000	285.91892	283.53118	430.09420	41.00000	150.22579	5.18486	2.97531	108.00000	446.96814	460.82887	288.54374	0.85304	3.14621	0.00010	0.00000	0.14519	0.08093	2023-03-23T13:44:59Z
a551475-4457945-040924-699_H24.CEL	46.00000	239.53922	1.56520	1.41593	85.00000	339.17173	337.70968	586.19746	72.00000	253.89245	4.14735	2.38363	175.00000	605.18546	620.78274	340.77896	0.77703	2.67522	0.00010	0.00000	0.19706	0.07148	2023-03-23T13:44:27Z
a551475-4457945-040924-699_I01.CEL	57.00000	276.94608	1.81036	1.50053	103.00000	415.56532	414.00968	729.67210	73.00000	282.36205	5.53150	2.73191	190.00000	771.38725	805.65327	417.27541	0.84797	2.98107	0.00013	0.00000	0.15377	0.07026	2023-03-23T13:57:38Z
a551475-4457945-040924-699_I02.CEL	38.00000	216.32271	1.76290	1.43826	81.00000	311.12725	309.75376	496.60507	49.00000	196.46115	5.34453	2.63906	126.00000	518.47222	536.43452	312.63712	0.85980	3.07386	0.00007	0.00000	0.14435	0.07713	2023-03-23T13:58:10Z
a551475-4457945-040924-699_I03.CEL	48.00000	246.75572	1.29337	1.36361	85.00000	336.47748	332.74086	579.57428	80.00000	282.42117	3.42187	2.15966	174.00000	609.93464	634.87351	340.58511	0.68581	2.28711	0.00011	0.00000	0.25260	0.08301	2023-03-23T13:58:43Z
a551475-4457945-040924-699_I04.CEL	33.00000	180.04493	2.14062	1.55158	71.00000	279.35473	277.57312	418.26993	36.00000	143.54786	5.60977	3.03080	100.00000	435.06454	448.86012	281.31324	0.86993	3.23988	0.00009	0.00000	0.15803	0.08560	2023-03-23T13:59:16Z
a551475-4457945-040924-699_I05.CEL	41.00000	221.26389	1.75322	1.47510	81.00000	326.38682	326.94839	554.60145	58.00000	248.57432	4.36176	2.35572	150.00000	585.57108	611.01042	325.76950	0.78378	2.61566	0.00010	0.00000	0.21075	0.08257	2023-03-23T13:59:47Z
a551475-4457945-040924-699_I06.CEL	36.00000	182.06699	1.57798	1.44754	65.00000	263.54842	261.68172	390.29167	40.00000	153.89696	4.94863	2.63577	98.00000	405.63644	418.24107	265.60047	0.85642	3.11212	0.00006	0.00000	0.15302	0.07829	2023-03-23T14:00:20Z
a551475-4457945-040924-699_I07.CEL	42.00000	212.40850	1.19118	1.37340	70.00000	291.72241	290.22043	476.13949	62.00000	226.02534	3.78009	2.23253	140.00000	504.60866	527.99405	293.37352	0.73311	2.46831	0.00010	0.00000	0.23357	0.09547	2023-03-23T14:00:53Z
a551475-4457945-040924-699_I08.CEL	41.00000	217.05229	1.46869	1.40549	76.00000	305.06419	302.71935	476.19384	55.00000	197.06250	4.18298	2.48871	125.00000	490.43137	502.12649	307.64184	0.81250	2.84444	0.00010	0.00000	0.16546	0.07230	2023-03-23T14:01:25Z
a551475-4457945-040924-699_I09.CEL	40.00000	209.79248	0.95779	1.30241	67.00000	273.23592	271.52151	433.23551	62.00000	230.01971	2.79267	1.96421	127.00000	451.80719	467.06250	275.12057	0.67230	2.15605	0.00010	0.00000	0.28614	0.11272	2023-03-23T14:01:56Z
a551475-4457945-040924-699_I10.CEL	43.00000	186.35049	0.25302	1.15739	52.00000	215.68018	214.47634	236.60688	42.00000	140.22804	1.97996	1.86342	65.00000	261.30310	281.58929	217.00355	0.42399	1.74997	0.00009	0.00000	0.15455	0.08570	2023-03-23T14:02:28Z
a551475-4457945-040924-699_I11.CEL	40.00000	198.74755	1.13190	1.36270	69.00000	270.83390	267.59140	435.92572	56.00000	211.41892	3.63031	2.15648	127.00000	455.91993	472.34375	274.39835	0.69426	2.32769	0.00009	0.00000	0.23496	0.08014	2023-03-23T14:03:00Z
a551475-4457945-040924-699_I12.CEL	45.00000	249.50163	1.95648	1.45044	86.00000	361.88682	359.74086	683.17935	78.00000	317.06982	4.30343	2.26806	203.00000	719.13399	748.66815	364.24586	0.76351	2.59795	0.00012	0.00000	0.21514	0.06369	2023-03-23T14:03:32Z
a551475-4457945-040924-699_I13.CEL	41.00000	217.09232	0.84660	1.26881	65.00000	275.44932	272.56882	433.51812	65.00000	242.93919	2.67417	1.90335	128.00000	462.39951	486.12351	278.61584	0.62162	2.02112	0.00009	0.00000	0.25998	0.09066	2023-03-23T14:04:04Z
a551475-4457945-040924-699_I14.CEL	38.00000	210.12173	1.33898	1.34759	62.00000	283.15709	280.54839	427.56522	56.00000	198.03378	3.61640	2.27248	115.00000	450.02696	468.47768	286.02482	0.76351	2.63457	0.00008	0.00000	0.17147	0.07571	2023-03-23T14:04:36Z
a551475-4457945-040924-699_I15.CEL	42.00000	211.91830	1.24173	1.35531	71.00000	287.21396	284.04409	500.76449	64.00000	251.37387	3.52775	2.07521	145.00000	521.65278	538.81101	290.69858	0.67568	2.21695	0.00010	0.00000	0.26277	0.07782	2023-03-23T14:05:09Z
a551475-4457945-040924-699_I16.CEL	38.00000	196.03595	1.91950	1.50776	78.00000	295.57601	292.07957	476.67210	43.00000	165.95439	5.53191	2.97233	120.00000	493.27042	506.90476	299.41962	0.86486	3.13903	0.00006	0.00000	0.15028	0.08659	2023-03-23T14:05:41Z
a551475-4457945-040924-699_I17.CEL	43.00000	231.46650	1.53385	1.39382	78.00000	322.62162	321.00000	538.84058	65.00000	247.46284	3.99007	2.26361	152.00000	560.15931	577.67113	324.40426	0.73142	2.49534	0.00010	0.00000	0.20627	0.07139	2023-03-23T14:06:13Z
a551475-4457945-040924-699_I18.CEL	40.00000	203.23121	2.07025	1.54362	80.00000	313.71227	313.35376	512.30254	46.00000	171.07770	5.95875	3.09625	117.00000	529.69935	543.98958	314.10638	0.86993	3.17224	0.00010	0.00000	0.12911	0.07205	2023-03-23T14:06:45Z
a551475-4457945-040924-699_I19.CEL	43.00000	217.65359	1.22642	1.35111	71.00000	294.07320	292.87204	494.18297	63.00000	229.65146	3.78669	2.23151	141.00000	512.47059	527.49256	295.39362	0.74493	2.55957	0.00010	0.00000	0.17753	0.07852	2023-03-23T14:07:33Z
a551475-4457945-040924-699_I20.CEL	37.00000	195.65523	1.53466	1.39640	63.00000	273.21227	271.69570	420.74819	48.00000	174.55124	4.89804	2.50843	101.00000	437.84967	451.89732	274.87943	0.83446	2.93549	0.00007	0.00000	0.16522	0.07101	2023-03-23T14:08:05Z
a551475-4457945-040924-699_I21.CEL	41.00000	222.56209	1.55251	1.38772	72.00000	308.85473	307.03441	507.19022	66.00000	236.91441	4.08518	2.23297	141.00000	529.02206	546.95536	310.85579	0.77196	2.62357	0.00009	0.00000	0.20248	0.07491	2023-03-23T14:08:37Z
a551475-4457945-040924-699_I22.CEL	38.00000	202.64216	1.75783	1.47646	77.00000	299.19313	297.90538	483.36051	51.00000	190.46565	4.99218	2.62673	120.00000	500.30147	514.21726	300.60875	0.85135	3.09549	0.00010	0.00000	0.15600	0.08099	2023-03-23T14:09:09Z
a551475-4457945-040924-699_I23.CEL	45.00000	206.62337	1.47059	1.43898	75.00000	297.32714	296.03011	485.85326	61.00000	206.43468	4.19841	2.45192	133.00000	506.16176	522.84375	298.75296	0.75169	2.58958	0.00008	0.00000	0.23809	0.08373	2023-03-23T14:09:42Z
a551475-4457945-040924-699_I24.CEL	46.00000	232.95343	1.90852	1.47921	88.00000	344.58727	340.39462	583.17391	60.00000	214.53435	5.93193	2.83338	136.00000	607.85703	628.13244	349.19622	0.86655	3.11071	0.00010	0.00000	0.14761	0.07979	2023-03-23T14:10:14Z
a551475-4457945-040924-699_J01.CEL	42.00000	200.03431	1.70805	1.50900	80.00000	301.85191	301.89677	476.46196	42.00000	163.91441	5.77534	2.98456	109.00000	489.21160	499.68452	301.80260	0.85642	3.14348	0.00010	0.00000	0.13890	0.08163	2023-03-23T14:23:16Z
a551475-4457945-040924-699_J02.CEL	48.00000	244.17647	1.58660	1.43438	87.00000	350.24268	352.01075	612.38406	70.00000	272.41667	4.32687	2.36252	173.00000	643.58905	669.22173	348.29905	0.74324	2.48289	0.00011	0.00000	0.21364	0.07578	2023-03-23T14:22:43Z
a551475-4457945-040924-699_J03.CEL	38.00000	201.07516	1.94408	1.53046	83.00000	307.73761	307.30215	504.50906	48.00000	180.64302	5.62220	2.93850	125.00000	530.82026	552.43304	308.21631	0.85811	3.07510	0.00010	0.00000	0.17314	0.07013	2023-03-23T14:22:10Z
a551475-4457945-040924-699_J04.CEL	44.00000	209.21814	1.13774	1.35805	71.00000	284.12838	283.09677	494.09783	63.00000	263.70158	3.52660	1.94570	143.00000	513.08497	528.68155	285.26241	0.68074	2.18371	0.00010	0.00000	0.27867	0.07865	2023-03-23T14:21:38Z
a551475-4457945-040924-699_J05.CEL	59.00000	206.75490	0.00267	1.00470	57.00000	207.72691	208.70860	258.85688	80.00000	200.84009	0.41233	1.36368	85.00000	273.88154	286.22321	206.64775	0.16892	0.75846	0.00010	0.00000	0.19819	0.07624	2023-03-23T14:21:06Z
a551475-4457945-040924-699_J06.CEL	39.00000	214.35212	1.34511	1.34737	69.00000	288.81250	289.48172	504.38406	66.00000	274.38908	3.25501	1.90634	137.00000	523.07925	538.43601	288.07683	0.69257	2.13442	0.00010	0.00000	0.30157	0.07326	2023-03-23T14:20:34Z
a551475-4457945-040924-699_J07.CEL	31.00000	172.70016	1.93791	1.48556	64.00000	256.55574	255.40645	376.23370	35.00000	137.50000	4.96096	2.80757	93.00000	386.04085	394.09673	257.81915	0.86486	3.12407	0.00008	0.00000	0.14434	0.07559	2023-03-23T14:20:00Z
a551475-4457945-040924-699_J08.CEL	39.00000	223.21569	2.27456	1.50201	78.00000	335.27309	333.24946	587.81522	62.00000	255.14133	4.71448	2.43362	167.00000	620.91585	648.10565	337.49764	0.80405	2.76522	0.00010	0.00000	0.23198	0.06768	2023-03-23T14:19:28Z
a551475-4457945-040924-699_J09.CEL	49.00000	235.69199	1.27336	1.38619	78.00000	326.71284	325.60968	615.36051	79.00000	317.64752	3.65979	2.01883	174.00000	641.27778	662.56696	327.92553	0.70946	2.26789	0.00010	0.00000	0.30603	0.07858	2023-03-23T14:18:56Z
a551475-4457945-040924-699_J10.CEL	41.00000	203.38889	2.04283	1.53670	74.00000	312.54786	311.86667	520.09058	52.00000	206.14302	5.16433	2.63482	142.00000	543.14951	562.09077	313.29669	0.81250	2.81541	0.00010	0.00000	0.19673	0.06979	2023-03-23T14:18:24Z
a551475-4457945-040924-699_J11.CEL	37.00000	186.70833	1.80229	1.46760	65.00000	274.01239	270.64086	410.95652	42.00000	155.01070	5.20090	2.74335	95.00000	425.24918	436.98958	277.71868	0.84459	3.08924	0.00009	0.00000	0.14922	0.07306	2023-03-23T14:17:51Z
a551475-4457945-040924-699_J12.CEL	44.00000	219.89869	2.11072	1.56194	78.00000	343.46791	342.51290	619.69565	64.00000	256.37500	5.46763	2.57737	162.00000	660.77369	694.51637	344.51773	0.80405	2.78119	0.00010	0.00000	0.18845	0.06443	2023-03-23T14:17:18Z
a551475-4457945-040924-699_J13.CEL	37.00000	185.50163	1.54313	1.45228	68.00000	269.40034	267.71613	395.52174	41.00000	150.43018	5.23785	2.73276	92.00000	411.08905	423.87649	271.25177	0.84459	3.03895	0.00009	0.00000	0.13934	0.07761	2023-03-23T14:16:45Z
a551475-4457945-040924-699_J14.CEL	49.00000	241.66340	1.80382	1.48430	86.00000	358.70045	358.15376	660.67391	79.00000	284.16554	4.33260	2.41359	189.00000	685.85866	706.54613	359.30142	0.76351	2.58239	0.00011	0.00000	0.21303	0.06758	2023-03-23T14:16:13Z
a551475-4457945-040924-699_J15.CEL	37.00000	189.80392	1.86998	1.52331	74.00000	289.12950	287.10645	456.14855	46.00000	175.29336	5.32188	2.75436	111.00000	482.82026	504.72917	291.35343	0.84628	2.96345	0.00010	0.00000	0.16017	0.07071	2023-03-23T14:15:40Z
a551475-4457945-040924-699_J16.CEL	49.00000	243.41013	1.58897	1.42575	87.00000	347.04279	344.78387	641.08152	85.00000	315.46734	3.78959	2.15575	186.00000	680.07026	712.09673	349.52600	0.74324	2.38875	0.00018	0.00000	0.27087	0.07488	2023-03-23T14:15:08Z
a551475-4457945-040924-699_J17.CEL	43.00000	213.18382	1.79319	1.49020	80.00000	317.68637	315.66774	523.10326	54.00000	199.01408	5.91421	2.74928	123.00000	547.14542	566.89435	319.90544	0.85811	3.04803	0.00010	0.00000	0.17017	0.07262	2023-03-23T14:14:36Z
a551475-4457945-040924-699_J18.CEL	45.00000	232.25817	1.85321	1.47655	89.00000	342.94144	342.17957	636.54348	75.00000	285.64077	4.19413	2.32890	192.00000	665.22958	688.79315	343.77896	0.74493	2.54805	0.00011	0.00000	0.25920	0.07228	2023-03-23T14:14:03Z
a551475-4457945-040924-699_J19.CEL	33.00000	176.54493	1.60000	1.44469	66.00000	255.05293	253.15591	363.24819	37.00000	139.49550	5.00117	2.65691	87.00000	370.62663	376.68750	257.13830	0.85980	3.18619	0.00008	0.00000	0.14893	0.07607	2023-03-23T14:13:30Z
a551475-4457945-040924-699_J20.CEL	42.00000	221.97467	2.00643	1.49129	80.00000	331.02928	328.59247	556.86957	63.00000	229.05687	4.74750	2.55517	159.00000	585.27859	608.61458	333.70804	0.78209	2.69620	0.00010	0.00000	0.20191	0.06928	2023-03-23T14:12:57Z
a551475-4457945-040924-699_J21.CEL	52.00000	255.82435	1.71306	1.44301	91.00000	369.15709	365.73118	701.06159	87.00000	332.12725	4.27555	2.23237	209.00000	741.43056	774.59077	372.92317	0.72128	2.39934	0.00020	0.00000	0.28030	0.07268	2023-03-23T14:12:24Z
a551475-4457945-040924-699_J22.CEL	40.00000	200.06046	1.90699	1.52433	75.00000	304.95890	303.23656	493.17210	48.00000	181.36824	5.50003	2.82466	124.00000	512.30310	528.01786	306.85225	0.85135	3.02806	0.00010	0.00000	0.16524	0.07177	2023-03-23T14:11:53Z
a551475-4457945-040924-699_J23.CEL	38.00000	199.76797	1.92988	1.52729	80.00000	305.10304	304.03441	470.33696	41.00000	159.97691	6.21856	3.04285	110.00000	486.78595	500.29762	306.27778	0.86993	3.22430	0.00010	0.00000	0.14796	0.08385	2023-03-23T14:11:19Z
a551475-4457945-040924-699_J24.CEL	43.00000	233.99918	1.64916	1.44243	85.00000	337.52815	335.94194	599.90036	70.00000	255.09741	4.64206	2.45658	171.00000	626.66667	648.65327	339.27187	0.79730	2.70417	0.00010	0.00000	0.22229	0.07431	2023-03-23T14:10:47Z
a551475-4457945-040924-699_K01.CEL	45.00000	237.25654	1.70737	1.43908	87.00000	341.43187	339.40538	564.56884	60.00000	215.55180	4.90665	2.76737	151.00000	596.51225	622.75149	343.65957	0.81588	2.88584	0.00010	0.00000	0.15345	0.07087	2023-03-23T14:23:49Z
a551475-4457945-040924-699_K02.CEL	47.00000	234.98121	1.37740	1.39631	80.00000	328.10755	325.96129	560.59058	69.00000	268.94313	3.73423	2.16411	173.00000	582.02369	599.62946	330.46690	0.70439	2.34408	0.00010	0.00000	0.24200	0.07346	2023-03-23T14:24:21Z
a551475-4457945-040924-699_K03.CEL	45.00000	213.09722	1.87371	1.56620	93.00000	333.75225	332.09570	553.37681	47.00000	182.15822	6.42080	3.18045	129.00000	579.34477	600.67560	335.57329	0.88176	3.21806	0.00010	0.00000	0.13362	0.07944	2023-03-23T14:24:53Z
a551475-4457945-040924-699_K04.CEL	42.00000	224.95915	1.31519	1.36079	74.00000	306.12162	303.70968	517.05797	62.00000	252.48480	4.06168	2.13615	136.00000	539.34559	557.65327	308.77305	0.75169	2.47319	0.00010	0.00000	0.21792	0.06773	2023-03-23T14:25:26Z
a551475-4457945-040924-699_K05.CEL	44.00000	214.91585	1.88256	1.50053	84.00000	322.48818	321.56667	509.53623	50.00000	181.09403	5.92959	2.95276	116.00000	534.72794	555.42113	323.50118	0.85135	3.03173	0.00010	0.00000	0.14271	0.07677	2023-03-23T14:25:57Z
a551475-4457945-040924-699_K06.CEL	41.00000	217.24101	1.26170	1.34972	73.00000	293.21396	291.36129	474.02536	63.00000	235.51014	3.45215	2.10559	139.00000	495.88807	513.84673	295.25059	0.74155	2.46348	0.00010	0.00000	0.24182	0.07624	2023-03-23T14:26:29Z
a551475-4457945-040924-699_K07.CEL	41.00000	212.64297	1.29410	1.34995	66.00000	287.05687	285.26452	449.94746	57.00000	208.24662	4.12906	2.26362	117.00000	471.39052	489.00446	289.02719	0.76520	2.54666	0.00008	0.00000	0.20930	0.07545	2023-03-23T14:27:01Z
a551475-4457945-040924-699_K08.CEL	49.00000	236.49510	1.06543	1.32540	76.00000	313.45158	311.38817	546.10326	76.00000	307.25282	3.07131	1.88510	168.00000	579.20343	606.39286	315.71986	0.68412	2.11142	0.00016	0.00000	0.28884	0.07686	2023-03-23T14:27:33Z
a551475-4457945-040924-699_K09.CEL	37.00000	199.59314	1.89343	1.47484	74.00000	294.36881	293.39140	449.31522	44.00000	168.69595	5.50826	2.79611	107.00000	471.69281	490.07440	295.44326	0.85811	3.10145	0.00008	0.00000	0.14587	0.06971	2023-03-23T14:28:04Z
a551475-4457945-040924-699_K10.CEL	49.00000	226.71405	0.25613	1.14844	61.00000	260.36824	255.80645	366.91667	71.00000	259.23818	1.52314	1.55147	95.00000	402.20016	431.18304	265.38298	0.35811	1.25971	0.00010	0.00000	0.36909	0.11778	2023-03-23T14:28:36Z
a551475-4457945-040924-699_K11.CEL	48.00000	255.46732	1.24612	1.33621	82.00000	341.35755	338.94839	619.44384	85.00000	333.89696	3.28664	1.95188	182.00000	651.72794	678.24702	344.00591	0.68243	2.16543	0.00021	0.00000	0.30333	0.07427	2023-03-23T14:29:09Z
a551475-4457945-040924-699_K12.CEL	39.00000	210.48121	1.29516	1.35838	65.00000	285.91329	282.65376	433.80072	55.00000	199.61261	3.93995	2.29197	119.00000	457.50572	476.97768	289.49645	0.77365	2.62746	0.00009	0.00000	0.17454	0.06582	2023-03-23T14:29:41Z
a551475-4457945-040924-699_K13.CEL	38.00000	203.27941	1.18681	1.35575	65.00000	275.59572	272.49032	421.14855	58.00000	198.22410	3.51226	2.22159	114.00000	440.37173	456.16220	279.00946	0.70946	2.42329	0.00010	0.00000	0.20200	0.07378	2023-03-23T14:30:13Z
a551475-4457945-040924-699_K14.CEL	49.00000	243.04657	1.44758	1.38957	83.00000	337.72917	336.25161	604.16123	81.00000	301.59122	3.73516	2.11659	179.00000	638.34477	666.42411	339.35343	0.71791	2.32250	0.00010	0.00000	0.27079	0.07960	2023-03-23T14:30:45Z
a551475-4457945-040924-699_K15.CEL	39.00000	185.93627	1.96321	1.54688	73.00000	287.62162	285.46022	453.13768	42.00000	158.83446	5.77402	2.96238	103.00000	470.52859	484.81399	289.99764	0.88682	3.20527	0.00006	0.00000	0.13952	0.07656	2023-03-23T14:31:18Z
a551475-4457945-040924-699_K16.CEL	37.00000	197.63235	1.08152	1.34014	65.00000	264.85473	262.16129	417.27355	53.00000	222.35417	3.37536	1.98096	115.00000	440.47467	459.53274	267.81560	0.70270	2.24021	0.00009	0.00000	0.27762	0.10687	2023-03-23T14:31:50Z
a551475-4457945-040924-699_K17.CEL	36.00000	175.31944	1.87792	1.52098	65.00000	266.65766	266.03871	406.18659	38.00000	142.39865	5.29116	2.96218	100.00000	421.81046	434.64435	267.33806	0.85980	3.12600	0.00006	0.00000	0.14015	0.07787	2023-03-23T14:32:23Z
a551475-4457945-040924-699_K18.CEL	42.00000	222.29085	1.11913	1.33781	73.00000	297.38232	294.18495	469.43116	62.00000	241.34122	3.16906	2.07047	135.00000	499.68954	524.54464	300.89716	0.67230	2.20272	0.00010	0.00000	0.23136	0.07882	2023-03-23T14:32:54Z
a551475-4457945-040924-699_K19.CEL	38.00000	206.69036	1.57360	1.40931	73.00000	291.28998	289.35376	463.95471	56.00000	202.37275	4.47410	2.39242	124.00000	484.16095	500.75893	293.41844	0.76520	2.63355	0.00010	0.00000	0.20917	0.07706	2023-03-23T14:33:28Z
a551475-4457945-040924-699_K20.CEL	47.00000	235.12337	0.97932	1.29075	70.00000	303.48649	299.85269	516.45833	71.00000	302.35417	2.96901	1.84045	148.00000	556.46895	589.33482	307.48109	0.64020	1.93714	0.00012	0.00000	0.33751	0.08966	2023-03-23T14:33:59Z
a551475-4457945-040924-699_K21.CEL	36.00000	182.74346	1.95135	1.51310	68.00000	276.50845	275.70538	412.44928	37.00000	144.68525	5.35229	2.94230	102.00000	425.70670	436.59673	277.39125	0.86149	3.19499	0.00009	0.00000	0.14971	0.08867	2023-03-23T14:34:32Z
a551475-4457945-040924-699_K22.CEL	50.00000	243.17892	1.55744	1.43600	81.00000	349.20495	347.10968	610.04891	77.00000	276.74381	3.99470	2.33334	176.00000	645.73693	675.05208	351.50827	0.75338	2.57636	0.00011	0.00000	0.24222	0.07640	2023-03-23T14:35:03Z
a551475-4457945-040924-699_K23.CEL	45.00000	227.76307	1.18549	1.34281	76.00000	305.84234	304.00645	540.14130	74.00000	289.25338	3.16791	1.94130	171.00000	561.52859	579.09673	307.86052	0.65709	2.10815	0.00011	0.00000	0.32783	0.08665	2023-03-23T14:35:37Z
a551475-4457945-040924-699_K24.CEL	47.00000	249.20915	1.57144	1.41444	90.00000	352.49043	349.92366	576.15036	65.00000	225.96959	4.52561	2.68028	158.00000	605.66176	629.90327	355.31206	0.81926	2.87694	0.00011	0.00000	0.15629	0.07473	2023-03-23T14:36:09Z
a551475-4457945-040924-699_L01.CEL	17.00000	91.11846	1.39478	1.38624	33.00000	126.31250	126.00323	212.58877	24.00000	102.06137	4.13803	2.17463	54.00000	221.94608	229.63244	126.65248	0.77196	2.61908	0.00000	0.00000	0.19676	0.07639	2023-03-23T14:49:59Z
a551475-4457945-040924-699_L02.CEL	37.00000	185.22631	2.10030	1.61300	85.00000	298.77027	297.73763	482.10507	40.00000	155.13908	6.14938	3.18319	115.00000	493.83742	503.47470	299.90544	0.88345	3.26413	0.00010	0.00000	0.14060	0.08982	2023-03-23T14:49:27Z
a551475-4457945-040924-699_L03.CEL	42.00000	221.01062	1.55928	1.43279	79.00000	316.66216	315.47527	566.04710	69.00000	265.53885	4.15490	2.22460	158.00000	590.71650	610.98065	317.96690	0.73142	2.41456	0.00010	0.00000	0.26714	0.08359	2023-03-23T14:48:55Z
a551475-4457945-040924-699_L04.CEL	41.00000	207.47712	1.84556	1.48535	79.00000	308.17624	307.60860	503.89312	49.00000	182.34685	6.16785	2.90969	119.00000	530.57271	552.48810	308.80024	0.87331	3.13382	0.00009	0.00000	0.14988	0.07435	2023-03-23T14:48:22Z
a551475-4457945-040924-699_L05.CEL	46.00000	241.36029	1.36419	1.37709	79.00000	332.37387	330.48817	574.58152	77.00000	276.89077	3.64195	2.17863	175.00000	603.24183	626.78423	334.44681	0.69426	2.31569	0.00011	0.00000	0.24248	0.07550	2023-03-23T14:47:49Z
a551475-4457945-040924-699_L06.CEL	44.00000	219.06127	1.96860	1.52071	89.00000	333.12782	332.19785	548.30797	55.00000	190.36768	5.99584	2.99101	131.00000	569.39134	586.70982	334.15012	0.85980	3.10869	0.00010	0.00000	0.15175	0.07872	2023-03-23T14:47:17Z
a551475-4457945-040924-699_L07.CEL	39.00000	215.70588	1.35007	1.36302	73.00000	294.01126	293.56882	511.73551	66.00000	261.59347	3.42118	2.05222	163.00000	536.84641	557.47321	294.49764	0.66047	2.18608	0.00010	0.00000	0.29025	0.07163	2023-03-23T14:46:45Z
a551475-4457945-040924-699_L08.CEL	32.00000	179.04739	2.32679	1.55490	71.00000	278.40090	278.06452	423.20652	36.00000	142.45045	6.32527	3.07830	97.00000	438.50490	451.07143	278.77069	0.88682	3.26845	0.00009	0.00000	0.14175	0.07500	2023-03-23T14:46:12Z
a551475-4457945-040924-699_L09.CEL	38.00000	207.65033	2.06640	1.55377	87.00000	322.64133	320.64409	560.01630	55.00000	208.86937	5.44621	2.82038	147.00000	589.09069	612.97321	324.83688	0.84291	2.89951	0.00010	0.00000	0.18787	0.07028	2023-03-23T14:45:39Z
a551475-4457945-040924-699_L10.CEL	37.00000	206.44118	1.27392	1.32389	64.00000	273.30518	270.49140	471.34058	62.00000	255.55293	3.23266	1.92774	139.00000	492.63889	510.13393	276.39835	0.66047	2.05820	0.00009	0.00000	0.29242	0.08219	2023-03-23T14:45:07Z
a551475-4457945-040924-699_L11.CEL	38.00000	230.13644	1.74291	1.38983	72.00000	319.85135	318.87957	534.40399	62.00000	245.13570	4.68716	2.29289	139.00000	562.07026	584.79613	320.91962	0.78209	2.65011	0.00009	0.00000	0.19680	0.06842	2023-03-23T14:44:34Z
a551475-4457945-040924-699_L12.CEL	35.00000	174.59395	1.62688	1.47685	63.00000	257.84966	255.50645	394.42210	39.00000	148.48367	5.49263	2.79970	87.00000	415.70997	433.19643	260.42553	0.83784	2.93152	0.00008	0.00000	0.15167	0.08106	2023-03-23T14:44:01Z
a551475-4457945-040924-699_L13.CEL	40.00000	207.98121	1.23522	1.34576	68.00000	279.89302	278.30000	496.76087	68.00000	261.94876	3.34677	1.97042	141.00000	516.14951	532.07589	281.64421	0.69764	2.15890	0.00010	0.00000	0.27408	0.07837	2023-03-23T14:43:16Z
a551475-4457945-040924-699_L14.CEL	33.00000	178.23611	2.11062	1.53303	70.00000	273.24155	272.91075	421.36413	39.00000	149.67230	5.77649	2.95322	101.00000	442.01471	458.97768	273.60520	0.87669	3.23064	0.00008	0.00000	0.14976	0.07409	2023-03-23T14:42:43Z
a551475-4457945-040924-699_L15.CEL	46.00000	227.85948	1.00281	1.30833	72.00000	298.11599	295.93226	515.52355	72.00000	281.95101	2.97710	1.91474	150.00000	539.86275	559.85565	300.51655	0.64020	2.03456	0.00010	0.00000	0.27083	0.07798	2023-03-23T14:42:11Z
a551475-4457945-040924-699_L16.CEL	46.00000	223.64461	1.98803	1.53232	88.00000	342.69538	341.30538	591.65036	55.00000	206.21959	5.91557	3.00291	152.00000	619.25980	641.93899	344.22340	0.87669	3.07586	0.00010	0.00000	0.14317	0.07333	2023-03-23T14:41:38Z
a551475-4457945-040924-699_L17.CEL	48.00000	222.06618	1.60058	1.46418	82.00000	325.14471	323.75806	591.92572	70.00000	269.49944	4.22414	2.30428	168.00000	621.00163	644.88542	326.66903	0.75507	2.55848	0.00010	0.00000	0.23992	0.08170	2023-03-23T14:41:06Z
a551475-4457945-040924-699_L18.CEL	43.00000	221.45261	1.89145	1.50826	90.00000	334.00732	331.89892	538.78804	55.00000	192.04336	5.66419	2.97800	129.00000	571.90523	599.10863	336.32506	0.85980	3.03135	0.00010	0.00000	0.14956	0.08299	2023-03-23T14:40:34Z
a551475-4457945-040924-699_L19.CEL	42.00000	224.08660	1.48220	1.40096	75.00000	313.93581	312.18817	544.05616	66.00000	259.49381	3.86855	2.19525	161.00000	569.65441	590.68155	315.85697	0.72128	2.38620	0.00010	0.00000	0.26847	0.07723	2023-03-23T14:40:03Z
a551475-4457945-040924-699_L20.CEL	38.00000	190.86438	2.28288	1.62156	84.00000	309.49831	309.35806	485.57790	38.00000	150.80124	6.26483	3.36381	113.00000	507.26716	525.08333	309.65248	0.88007	3.17871	0.00010	0.00000	0.13768	0.08296	2023-03-23T14:39:16Z
a551475-4457945-040924-699_L21.CEL	42.00000	217.03186	1.93511	1.50497	83.00000	326.62556	324.69355	572.98913	64.00000	224.68412	4.86734	2.66770	167.00000	599.38889	621.07440	328.74941	0.80405	2.75376	0.00010	0.00000	0.19927	0.08022	2023-03-23T14:38:44Z
a551475-4457945-040924-699_L22.CEL	40.00000	220.96569	1.63694	1.41402	77.00000	312.44989	310.98495	540.49457	70.00000	253.06757	3.69132	2.22752	163.00000	563.71405	582.78720	314.06028	0.73649	2.40628	0.00010	0.00000	0.28086	0.08681	2023-03-23T14:38:12Z
a551475-4457945-040924-699_L23.CEL	42.00000	223.00735	1.55046	1.40444	78.00000	313.20101	311.54516	503.67754	56.00000	207.55011	5.08516	2.48838	123.00000	516.46405	526.96726	315.02128	0.80405	2.78042	0.00010	0.00000	0.18017	0.07114	2023-03-23T14:37:40Z
a551475-4457945-040924-699_L24.CEL	40.00000	203.34069	2.36113	1.64174	96.00000	333.83221	334.24194	563.13949	42.00000	172.14133	6.44057	3.36550	134.00000	579.34232	592.65179	333.38180	0.88851	3.33184	0.00010	0.00000	0.14170	0.09678	2023-03-23T14:36:41Z
a551475-4457945-040924-699_M01.CEL	38.00000	189.82108	2.25484	1.58696	81.00000	301.23761	299.21935	558.13587	47.00000	189.27365	5.70769	3.06479	145.00000	580.08333	598.11161	303.45626	0.86486	3.27522	0.00007	0.00000	0.14954	0.08319	2023-03-23T14:50:31Z
a551475-4457945-040924-699_M02.CEL	44.00000	233.91176	1.96011	1.46804	83.00000	343.39245	342.91505	609.11232	70.00000	283.26295	4.24891	2.27458	180.00000	644.30556	673.21429	343.91726	0.77703	2.59839	0.00010	0.00000	0.25015	0.06781	2023-03-23T14:51:04Z
a551475-4457945-040924-699_M03.CEL	44.00000	228.00163	1.66082	1.44753	81.00000	330.03829	327.82258	510.07609	55.00000	198.21453	4.86102	2.68472	131.00000	532.15033	550.28274	332.47400	0.81926	2.88472	0.00010	0.00000	0.15994	0.07341	2023-03-23T14:51:36Z
a551475-4457945-040924-699_M04.CEL	50.00000	262.26797	1.37759	1.37811	88.00000	361.43468	358.25591	612.49819	84.00000	288.71847	3.48670	2.28756	191.00000	660.45997	699.85714	364.92908	0.68750	2.35297	0.00010	0.00000	0.22650	0.07606	2023-03-23T14:52:09Z
a551475-4457945-040924-699_M05.CEL	40.00000	204.27778	1.70770	1.46646	78.00000	299.56419	299.44301	438.49094	45.00000	161.08108	5.57228	2.88289	98.00000	464.37827	485.64286	299.69740	0.82770	2.91953	0.00010	0.00000	0.15082	0.07621	2023-03-23T14:52:41Z
a551475-4457945-040924-699_M06.CEL	44.00000	247.94608	2.19947	1.50521	91.00000	373.21171	370.97742	699.55797	81.00000	324.06869	4.47569	2.31815	212.00000	751.23856	793.69048	375.66785	0.76858	2.63858	0.00012	0.00000	0.24500	0.07205	2023-03-23T14:53:14Z
a551475-4457945-040924-699_M07.CEL	37.00000	204.45752	1.53260	1.38313	67.00000	282.79110	280.11505	432.99094	51.00000	185.58052	4.39558	2.44304	115.00000	453.38072	470.12946	285.73286	0.81419	2.86185	0.00009	0.00000	0.16580	0.06672	2023-03-23T14:53:46Z
a551475-4457945-040924-699_M08.CEL	39.00000	215.62827	1.21107	1.34463	68.00000	289.94088	287.42258	498.20833	65.00000	251.58446	3.39525	2.07888	150.00000	523.01471	543.39137	292.70922	0.68581	2.25361	0.00009	0.00000	0.26629	0.07677	2023-03-23T14:54:17Z
a551475-4457945-040924-699_M09.CEL	44.00000	241.86275	1.98117	1.44996	79.00000	350.69200	348.24624	646.49094	75.00000	300.30968	4.15842	2.27301	200.00000	682.60703	712.27381	353.38061	0.74324	2.47324	0.00010	0.00000	0.25129	0.07415	2023-03-23T14:54:50Z
a551475-4457945-040924-699_M10.CEL	42.00000	193.06536	0.75392	1.29160	64.00000	249.36318	243.77419	289.86957	40.00000	141.36374	3.63347	2.29111	69.00000	323.87990	351.81696	255.50709	0.67905	2.30269	0.00008	0.00000	0.17193	0.08579	2023-03-23T14:55:23Z
a551475-4457945-040924-699_M11.CEL	36.00000	199.26961	1.60197	1.39633	65.00000	278.24550	275.43011	444.98370	52.00000	192.64640	4.50242	2.38421	114.00000	459.30964	471.07738	281.34043	0.78378	2.67737	0.00009	0.00000	0.17830	0.06521	2023-03-23T14:55:56Z
a551475-4457945-040924-699_M12.CEL	40.00000	205.27206	1.09100	1.32839	66.00000	272.68074	270.18817	456.17754	64.00000	244.11937	3.16778	1.99159	123.00000	486.18464	510.83333	275.42080	0.65878	2.14562	0.00009	0.00000	0.28620	0.10165	2023-03-23T14:56:29Z
a551475-4457945-040924-699_M13.CEL	37.00000	180.28676	1.49697	1.45463	70.00000	262.25000	259.13656	383.98913	40.00000	148.56081	4.72639	2.68899	89.00000	399.47794	412.20089	265.67258	0.84966	3.00519	0.00005	0.00000	0.16157	0.09379	2023-03-23T14:57:01Z
a551475-4457945-040924-699_M14.CEL	39.00000	228.22631	1.81809	1.45318	79.00000	331.65315	329.48280	595.28623	71.00000	276.69764	3.95590	2.25576	186.00000	624.16422	647.88542	334.03901	0.75676	2.46156	0.00011	0.00000	0.25893	0.07183	2023-03-23T14:57:34Z
a551475-4457945-040924-699_M15.CEL	39.00000	205.05147	1.49387	1.38679	69.00000	284.36374	282.45269	437.52899	52.00000	187.04561	4.61738	2.44025	109.00000	456.43791	471.97024	286.46454	0.81250	2.80252	0.00008	0.00000	0.16752	0.07689	2023-03-23T14:58:06Z
a551475-4457945-040924-699_M16.CEL	47.00000	217.44771	0.73175	1.28615	70.00000	279.67005	273.88495	485.61051	70.00000	274.87838	2.71492	1.84673	143.00000	507.62582	525.70982	286.02955	0.63345	1.97216	0.00010	0.00000	0.33431	0.12967	2023-03-23T14:58:38Z
a551475-4457945-040924-699_M17.CEL	41.00000	198.75735	1.87328	1.52554	80.00000	303.21227	301.28280	467.28442	42.00000	165.43187	6.16804	2.94422	108.00000	487.06863	503.31994	305.33333	0.86318	3.15339	0.00010	0.00000	0.14371	0.09511	2023-03-23T14:59:10Z
a551475-4457945-040924-699_M18.CEL	52.00000	265.09314	1.50669	1.42269	95.00000	377.14640	374.05806	712.02899	88.00000	338.51126	4.24814	2.23507	209.00000	756.59559	793.20387	380.54137	0.73142	2.41753	0.00013	0.00000	0.26269	0.07511	2023-03-23T14:59:44Z
a551475-4457945-040924-699_M19.CEL	46.00000	229.93137	1.62637	1.43409	81.00000	329.74212	328.84086	531.68478	59.00000	208.59009	5.34552	2.66584	124.00000	556.06863	576.09821	330.73286	0.82770	2.94174	0.00010	0.00000	0.14788	0.07099	2023-03-23T15:00:16Z
a551475-4457945-040924-699_M20.CEL	53.00000	231.97631	0.68809	1.26966	70.00000	294.53209	291.60000	482.32790	82.00000	268.37613	2.72381	1.86483	150.00000	500.47467	515.38095	297.75532	0.61655	2.01127	0.00010	0.00000	0.27229	0.08868	2023-03-23T15:00:48Z
a551475-4457945-040924-699_M21.CEL	46.00000	239.25245	1.66948	1.45058	84.00000	347.05518	343.58495	642.12681	75.00000	295.22635	3.96878	2.26092	205.00000	667.48284	688.31101	350.86998	0.73986	2.42477	0.00011	0.00000	0.26251	0.07020	2023-03-23T15:01:19Z
a551475-4457945-040924-699_M22.CEL	38.00000	192.77696	1.88986	1.49859	73.00000	288.89414	287.10968	423.72101	39.00000	152.05236	4.84042	2.87817	112.00000	437.63317	449.06101	290.85579	0.85473	3.09510	0.00010	0.00000	0.14812	0.09467	2023-03-24T06:25:57Z
a551475-4457945-040924-699_M23.CEL	42.00000	222.81781	2.04230	1.48608	83.00000	331.12500	327.49570	535.45652	53.00000	195.95214	5.47685	2.83017	135.00000	554.57843	570.28571	335.11466	0.86486	3.11694	0.00010	0.00000	0.14836	0.07352	2023-03-23T15:02:35Z
a551475-4457945-040924-699_M24.CEL	46.00000	240.43627	1.33561	1.36999	78.00000	329.39471	326.86129	546.61413	69.00000	239.52252	4.09304	2.38485	151.00000	571.22549	591.44196	332.17967	0.79730	2.74687	0.00010	0.00000	0.19597	0.07292	2023-03-23T15:03:56Z
a551475-4457945-040924-699_N01.CEL	37.00000	193.13644	1.20869	1.35870	67.00000	262.41498	260.91505	382.06703	50.00000	173.43468	3.43073	2.27599	106.00000	394.73529	405.14137	264.06383	0.72297	2.55368	0.00009	0.00000	0.19625	0.08677	2023-03-23T15:17:08Z
a551475-4457945-040924-699_N02.CEL	36.00000	192.59804	2.16498	1.57671	86.00000	303.67061	303.61828	479.20471	42.00000	159.61318	6.12688	3.11225	113.00000	496.75654	511.17411	303.72813	0.89696	3.32336	0.00010	0.00000	0.15341	0.07333	2023-03-23T15:16:35Z
a551475-4457945-040924-699_N03.CEL	39.00000	212.67565	1.59168	1.40892	77.00000	299.64302	299.21828	490.74457	55.00000	217.31194	4.39114	2.38318	139.00000	517.89297	540.19345	300.10993	0.76014	2.57611	0.00009	0.00000	0.21287	0.06751	2023-03-23T15:16:03Z
a551475-4457945-040924-699_N04.CEL	42.00000	211.94199	1.25389	1.36669	72.00000	289.65822	286.20215	506.48551	69.00000	270.70890	3.39937	1.96478	143.00000	531.88317	552.74554	293.45745	0.68243	2.15952	0.00011	0.00000	0.28972	0.07865	2023-03-23T15:15:31Z
a551475-4457945-040924-699_N05.CEL	42.00000	223.36111	1.24006	1.34046	74.00000	299.40653	297.36022	493.71739	63.00000	241.66216	3.58906	2.13723	137.00000	516.48856	535.19345	301.65603	0.68919	2.26752	0.00010	0.00000	0.23201	0.06907	2023-03-23T15:14:59Z
a551475-4457945-040924-699_N06.CEL	41.00000	208.87500	1.72431	1.46220	77.00000	305.41667	303.27312	488.98913	51.00000	184.33502	5.14268	2.77228	124.00000	511.02859	529.13244	307.77305	0.84459	3.03508	0.00010	0.00000	0.15637	0.07655	2023-03-23T15:14:26Z
a551475-4457945-040924-699_N07.CEL	44.00000	220.91095	1.57414	1.44965	80.00000	320.24437	317.76667	579.90217	70.00000	282.49268	3.88283	2.17245	183.00000	613.70180	641.46577	322.96809	0.73311	2.41412	0.00011	0.00000	0.25779	0.07369	2023-03-23T15:13:54Z
a551475-4457945-040924-699_N08.CEL	38.00000	182.33252	1.96981	1.57086	79.00000	286.41892	283.96774	436.64493	39.00000	150.26633	6.12790	3.02082	97.00000	453.92810	468.12500	289.11348	0.86655	3.14425	0.00010	0.00000	0.15305	0.07790	2023-03-23T15:13:21Z
a551475-4457945-040924-699_N09.CEL	43.00000	235.33660	1.90095	1.47577	84.00000	347.30293	346.43763	604.45652	67.00000	234.27252	4.83457	2.68626	163.00000	629.31618	649.73661	348.25414	0.84966	2.92969	0.00011	0.00000	0.16797	0.06992	2023-03-23T15:12:49Z
a551475-4457945-040924-699_N10.CEL	41.00000	210.87337	1.26170	1.36740	73.00000	288.34797	286.43656	483.41123	65.00000	233.37050	3.29743	2.16156	156.00000	504.44526	521.72321	290.44917	0.69595	2.30977	0.00010	0.00000	0.24747	0.07619	2023-03-23T15:12:16Z
a551475-4457945-040924-699_N11.CEL	39.00000	222.88317	2.03655	1.47119	78.00000	327.90315	326.64731	611.03804	68.00000	302.69989	4.42725	2.14687	178.00000	649.85866	681.74702	329.28369	0.75676	2.48671	0.00011	0.00000	0.26521	0.07320	2023-03-23T15:11:44Z
a551475-4457945-040924-699_N12.CEL	38.00000	194.18873	2.02016	1.54354	75.00000	299.73761	298.29677	467.91123	43.00000	165.25056	6.06764	2.96707	99.00000	490.30964	508.70833	301.32151	0.86149	3.11786	0.00010	0.00000	0.14381	0.07638	2023-03-23T15:11:11Z
a551475-4457945-040924-699_N13.CEL	46.00000	232.52369	1.83942	1.48574	80.00000	345.46959	344.66344	639.64130	73.00000	296.99944	4.13267	2.26096	197.00000	671.50490	697.67857	346.35579	0.75676	2.52614	0.00011	0.00000	0.23746	0.06803	2023-03-23T15:10:40Z
a551475-4457945-040924-699_N14.CEL	39.00000	195.70098	1.88189	1.50442	75.00000	294.41610	293.08710	469.05072	44.00000	166.57151	5.37920	2.90500	117.00000	483.89052	496.08036	295.87707	0.87669	3.24747	0.00009	0.00000	0.15129	0.07729	2023-03-23T15:10:07Z
a551475-4457945-040924-699_N15.CEL	39.00000	204.24020	1.08206	1.30009	63.00000	265.53153	263.85054	432.18297	59.00000	232.69595	3.36007	1.92361	118.00000	447.61601	460.29315	267.37943	0.66554	2.15104	0.00009	0.00000	0.23999	0.07711	2023-03-23T15:09:34Z
a551475-4457945-040924-699_N16.CEL	49.00000	246.28676	1.47452	1.39384	84.00000	343.28322	340.72473	648.84239	86.00000	335.94764	3.42268	2.02849	196.00000	681.46569	708.26339	346.09574	0.73311	2.29669	0.00036	0.00000	0.30934	0.08723	2023-03-23T15:09:03Z
a551475-4457945-040924-699_N17.CEL	48.00000	235.55637	0.86478	1.29489	74.00000	305.01914	302.37849	521.11775	77.00000	273.07545	3.04650	1.98960	149.00000	543.31046	561.54018	307.92199	0.64189	2.11196	0.00010	0.00000	0.22400	0.08391	2023-03-23T15:08:17Z
a551475-4457945-040924-699_N18.CEL	47.00000	225.73529	2.21100	1.60429	94.00000	362.14583	360.88280	621.82609	53.00000	207.81757	6.80105	3.17588	142.00000	660.00327	691.36310	363.53428	0.86993	3.17584	0.00010	0.00000	0.14646	0.07644	2023-03-23T15:07:43Z
a551475-4457945-040924-699_N19.CEL	51.00000	245.96732	1.36861	1.40280	85.00000	345.04279	345.17419	645.12862	82.00000	322.81757	3.77776	2.11333	196.00000	682.22059	712.68899	344.89835	0.73480	2.34332	0.00021	0.00000	0.28936	0.08021	2023-03-23T15:07:11Z
a551475-4457945-040924-699_N20.CEL	47.00000	201.25654	1.23258	1.40980	72.00000	283.73142	282.51183	412.76812	55.00000	170.26182	3.81090	2.50986	111.00000	427.33333	439.29762	285.07210	0.78716	2.81694	0.00010	0.00000	0.14523	0.08672	2023-03-23T15:06:39Z
a551475-4457945-040924-699_N21.CEL	40.00000	213.37092	2.11632	1.53134	87.00000	326.74268	325.88925	568.80435	57.00000	208.24437	5.07264	2.82451	160.00000	588.18791	604.11012	327.68085	0.86486	3.11756	0.00010	0.00000	0.17320	0.07295	2023-03-23T15:06:07Z
a551475-4457945-040924-699_N22.CEL	40.00000	201.21814	0.94325	1.31631	66.00000	264.86543	261.80108	403.75906	56.00000	207.32432	2.91428	2.02300	110.00000	419.41748	432.27976	268.23404	0.60304	2.00820	0.00010	0.00000	0.24021	0.07305	2023-03-23T15:05:34Z
a551475-4457945-040924-699_N23.CEL	46.00000	240.59150	1.86770	1.48854	95.00000	358.12950	357.49247	663.80797	81.00000	293.99606	4.07155	2.35168	205.00000	691.38399	714.03571	358.82979	0.75169	2.54905	0.00011	0.00000	0.27667	0.07908	2023-03-23T15:05:02Z
a551475-4457945-040924-699_N24.CEL	44.00000	215.19444	2.39147	1.66322	106.00000	357.91554	354.96237	614.12319	47.00000	183.59403	6.90715	3.50631	144.00000	643.73775	668.06399	361.16194	0.90878	3.46447	0.00106	0.00000	0.15373	0.09129	2023-03-23T15:04:29Z
a551475-4457945-040924-699_O01.CEL	41.00000	215.83252	1.49684	1.42495	79.00000	307.54955	305.58495	574.32971	70.00000	245.30687	4.28597	2.39894	161.00000	588.47631	600.09673	309.70922	0.77534	2.70229	0.00011	0.00000	0.19382	0.09534	2023-03-23T15:17:40Z
a551475-4457945-040924-699_O02.CEL	41.00000	230.58415	1.87005	1.44215	87.00000	332.53604	330.64516	529.01993	55.00000	197.04842	5.21961	2.77370	141.00000	546.55229	560.95387	334.61466	0.86318	3.09411	0.00010	0.00000	0.13270	0.06504	2023-03-23T15:18:13Z
a551475-4457945-040924-699_O03.CEL	49.00000	241.60948	1.88558	1.51231	90.00000	365.38908	361.78495	692.38225	75.00000	298.61205	4.76820	2.39384	206.00000	714.83007	733.26935	369.35106	0.78716	2.62596	0.00012	0.00000	0.25473	0.07537	2023-03-23T15:18:45Z
a551475-4457945-040924-699_O04.CEL	33.00000	185.76471	2.12585	1.48626	67.00000	276.09403	273.63226	415.30797	40.00000	145.16216	5.46483	2.97250	99.00000	431.49510	444.79167	278.80024	0.86824	3.13586	0.00009	0.00000	0.13878	0.06831	2023-03-23T15:19:17Z
a551475-4457945-040924-699_O05.CEL	39.00000	211.15523	2.08310	1.50025	78.00000	316.78660	313.86129	524.24457	50.00000	206.75957	5.53813	2.65537	134.00000	549.02288	569.37649	320.00236	0.85473	3.01512	0.00009	0.00000	0.15241	0.05646	2023-03-23T15:19:50Z
a551475-4457945-040924-699_O06.CEL	49.00000	246.17810	1.49216	1.40802	88.00000	346.62275	344.10968	602.32609	74.00000	273.16104	3.84747	2.30154	182.00000	628.69036	650.34673	349.38534	0.75169	2.53747	0.00011	0.00000	0.22255	0.07581	2023-03-23T15:20:22Z
a551475-4457945-040924-699_O07.CEL	36.00000	187.67402	1.58846	1.41477	66.00000	265.51633	263.81183	400.81884	44.00000	159.72635	4.68395	2.61492	102.00000	417.67239	431.51637	267.39007	0.83277	3.00936	0.00009	0.00000	0.15047	0.07014	2023-03-23T15:20:54Z
a551475-4457945-040924-699_O08.CEL	51.00000	254.04575	2.24965	1.57297	101.00000	399.60698	399.73011	781.38225	84.00000	314.65822	5.16055	2.62145	243.00000	824.86029	860.57440	399.47163	0.81081	2.74572	0.00010	0.00000	0.21455	0.06288	2023-03-23T15:21:28Z
a551475-4457945-040924-699_O09.CEL	35.00000	187.82925	1.92984	1.47730	69.00000	277.48086	275.05376	449.21196	42.00000	161.50676	5.54183	2.86100	110.00000	462.07026	472.63244	280.14894	0.85811	3.14512	0.00009	0.00000	0.14588	0.06560	2023-03-23T15:22:00Z
a551475-4457945-040924-699_O10.CEL	54.00000	253.72222	0.23987	1.13594	64.00000	288.21227	286.17527	409.69384	80.00000	286.08446	1.44447	1.55711	129.00000	445.46405	474.84673	290.45154	0.27703	1.13797	0.00012	0.00000	0.29100	0.08160	2023-03-23T15:22:33Z
a551475-4457945-040924-699_O11.CEL	49.00000	247.38154	1.39230	1.40249	90.00000	346.95101	343.91935	576.51449	67.00000	243.12331	4.76281	2.47408	156.00000	601.50654	622.03571	350.28369	0.81419	2.82909	0.00010	0.00000	0.16856	0.07375	2023-03-23T15:23:05Z
a551475-4457945-040924-699_O12.CEL	47.00000	239.65768	1.38746	1.37400	81.00000	329.28998	327.74409	533.04891	64.00000	231.87444	4.36230	2.38928	139.00000	554.01389	571.23512	330.98936	0.76858	2.66342	0.00010	0.00000	0.16815	0.06649	2023-03-23T15:23:38Z
a551475-4457945-040924-699_O13.CEL	51.00000	250.20016	1.23882	1.36709	82.00000	342.04673	338.89677	561.15761	69.00000	256.60867	4.08946	2.28738	153.00000	586.96242	608.15923	345.50946	0.73986	2.51607	0.00011	0.00000	0.17490	0.07151	2023-03-23T15:24:11Z
a551475-4457945-040924-699_O14.CEL	40.00000	221.48611	1.47516	1.38896	75.00000	307.63514	303.88172	497.33152	56.00000	213.03266	4.95361	2.44216	126.00000	520.25899	539.09226	311.76123	0.77703	2.71351	0.00009	0.00000	0.17351	0.06711	2023-03-23T15:24:43Z
a551475-4457945-040924-699_O15.CEL	49.00000	250.68954	1.00494	1.30300	80.00000	326.64865	322.27097	541.58152	81.00000	304.08727	3.00841	1.88554	149.00000	573.36928	599.48065	331.46099	0.63682	2.05320	0.00010	0.00000	0.30410	0.10619	2023-03-23T15:25:15Z
a551475-4457945-040924-699_O16.CEL	42.00000	206.94363	1.50230	1.43202	75.00000	296.34797	293.85484	447.29529	50.00000	177.00338	4.99825	2.63826	103.00000	466.98039	483.15030	299.08865	0.83953	2.99902	0.00010	0.00000	0.15175	0.07786	2023-03-23T15:25:48Z
a551475-4457945-040924-699_O17.CEL	39.00000	206.35948	1.09154	1.31762	65.00000	271.90428	269.54946	408.82609	57.00000	190.27759	3.44063	2.21898	113.00000	422.22304	433.22768	274.49291	0.76858	2.66464	0.00010	0.00000	0.18584	0.07771	2023-03-23T15:26:20Z
a551475-4457945-040924-699_O18.CEL	44.00000	223.43627	1.31382	1.38104	80.00000	308.57545	306.38387	540.61413	69.00000	273.05574	3.55095	2.06023	168.00000	562.55801	580.58333	310.98463	0.70439	2.36916	0.00010	0.00000	0.24253	0.08119	2023-03-23T15:26:52Z
a551475-4457945-040924-699_O19.CEL	41.00000	206.74510	1.61408	1.44780	74.00000	299.32545	297.36344	458.47826	47.00000	175.59628	5.04578	2.71513	110.00000	476.76634	491.78869	301.48227	0.85304	3.05967	0.00010	0.00000	0.13821	0.07637	2023-03-23T15:27:24Z
a551475-4457945-040924-699_O20.CEL	47.00000	236.40686	1.09882	1.33252	78.00000	315.01689	312.78495	524.19928	71.00000	271.50957	3.43716	1.98197	155.00000	538.12337	549.56101	317.47045	0.69257	2.24259	0.00011	0.00000	0.23248	0.07621	2023-03-23T15:27:57Z
a551475-4457945-040924-699_O21.CEL	36.00000	190.08007	1.76499	1.46913	76.00000	279.25169	275.93226	448.16848	45.00000	164.77646	5.30188	2.79134	109.00000	459.94771	469.62351	282.90071	0.86486	3.13024	0.00010	0.00000	0.13163	0.07541	2023-03-23T15:28:29Z
a551475-4457945-040924-699_O22.CEL	41.00000	211.06699	2.32248	1.61409	95.00000	340.68187	339.08387	603.91848	61.00000	275.79505	4.15128	2.32836	168.00000	642.15114	673.55655	342.43853	0.75169	2.56090	0.00009	0.00000	0.29764	0.07929	2023-03-23T15:29:02Z
a551475-4457945-040924-699_O23.CEL	43.00000	229.67810	1.56865	1.40099	82.00000	321.77646	322.29247	506.13768	60.00000	206.31475	4.83220	2.53506	116.00000	523.02124	536.88988	321.20922	0.78885	2.76758	0.00010	0.00000	0.14896	0.06894	2023-03-23T15:29:33Z
a551475-4457945-040924-699_O24.CEL	43.00000	236.31127	1.16479	1.31677	72.00000	311.16723	309.16452	483.36051	67.00000	238.74606	3.53074	2.10800	131.00000	503.27778	519.63839	313.36879	0.69257	2.37038	0.00010	0.00000	0.18714	0.06621	2023-03-23T15:30:07Z
a551475-4457945-040924-699_P01.CEL	47.00000	235.06944	2.01606	1.55153	105.00000	364.71791	366.58817	617.41123	54.00000	201.35867	5.85206	3.18034	157.00000	640.38971	659.26488	362.66194	0.86486	3.14849	0.00012	0.00000	0.12989	0.08924	2023-03-23T15:44:05Z
a551475-4457945-040924-699_P02.CEL	40.00000	211.76797	2.03865	1.56208	96.00000	330.79955	330.85161	564.04891	53.00000	199.61149	5.45606	2.92137	154.00000	583.13807	598.81845	330.74232	0.85304	3.06464	0.00010	0.00000	0.17851	0.07901	2023-03-23T15:43:18Z
a551475-4457945-040924-699_P03.CEL	34.00000	187.81127	2.19008	1.53330	79.00000	287.97185	287.14086	453.83152	38.00000	151.81306	6.61783	3.08418	102.00000	468.21814	480.03571	288.88534	0.88007	3.27440	0.00010	0.00000	0.15002	0.07363	2023-03-23T15:42:46Z
a551475-4457945-040924-699_P04.CEL	39.00000	211.26716	1.82426	1.46318	80.00000	309.12162	309.22903	496.84239	53.00000	187.28716	5.59782	2.73464	121.00000	512.16340	524.74851	309.00355	0.85811	3.03422	0.00010	0.00000	0.16508	0.06648	2023-03-23T15:42:13Z
a551475-4457945-040924-699_P05.CEL	42.00000	224.58987	2.08200	1.50005	82.00000	336.89696	335.90968	561.17210	60.00000	228.88007	4.66519	2.57292	153.00000	588.88971	611.65774	337.98227	0.77196	2.58560	0.00011	0.00000	0.21858	0.07411	2023-03-23T15:41:41Z
a551475-4457945-040924-699_P06.CEL	40.00000	198.88889	2.08175	1.55151	83.00000	308.57827	309.92581	511.99094	46.00000	174.08052	6.11576	3.04455	122.00000	529.99755	544.78869	307.09693	0.88514	3.21500	0.00009	0.00000	0.13977	0.08258	2023-03-23T15:41:07Z
a551475-4457945-040924-699_P07.CEL	38.00000	202.47141	1.84785	1.47599	81.00000	298.84628	296.83656	506.16848	56.00000	196.13457	5.10766	2.67743	138.00000	525.13725	540.71875	301.05556	0.82601	2.86560	0.00011	0.00000	0.18200	0.08035	2023-03-23T15:40:35Z
a551475-4457945-040924-699_P08.CEL	34.00000	204.71242	1.84073	1.44032	75.00000	294.85079	294.33656	476.53804	49.00000	183.07095	5.65142	2.67683	112.00000	490.04984	501.14881	295.41608	0.84459	3.12092	0.00010	0.00000	0.14085	0.07775	2023-03-23T15:40:02Z
a551475-4457945-040924-699_P09.CEL	43.00000	221.21487	1.38056	1.39296	78.00000	308.14414	307.31183	526.62862	69.00000	239.53829	3.80531	2.27674	151.00000	545.36683	560.75893	309.05910	0.73818	2.50367	0.00011	0.00000	0.21195	0.07950	2023-03-23T15:39:30Z
a551475-4457945-040924-699_P10.CEL	43.00000	216.96405	1.10588	1.34029	73.00000	290.79561	288.18172	463.32609	56.00000	205.75000	4.07444	2.30618	125.00000	474.49673	483.67262	293.66903	0.78041	2.78281	0.00010	0.00000	0.20026	0.09344	2023-03-23T15:38:30Z
a551475-4457945-040924-699_P11.CEL	41.00000	220.98366	2.16705	1.53627	89.00000	339.49043	336.34946	581.01993	54.00000	203.17173	6.40305	2.94313	134.00000	597.96078	611.87649	342.94326	0.90203	3.34498	0.00010	0.00000	0.13693	0.08790	2023-03-23T15:37:58Z
a551475-4457945-040924-699_P12.CEL	44.00000	230.32271	1.94338	1.47617	80.00000	339.99606	337.81183	605.47464	71.00000	252.58840	4.94677	2.52047	165.00000	636.64216	662.24405	342.39716	0.79730	2.76888	0.00010	0.00000	0.18689	0.06513	2023-03-23T15:37:25Z
a551475-4457945-040924-699_P13.CEL	38.00000	210.06781	1.72132	1.43077	75.00000	300.55800	299.26989	529.09964	64.00000	230.17736	4.37803	2.35375	145.00000	541.77941	552.19494	301.97400	0.77534	2.68944	0.00008	0.00000	0.21140	0.07272	2023-03-23T15:36:53Z
a551475-4457945-040924-699_P14.CEL	48.00000	233.46160	1.13230	1.32989	75.00000	310.47917	307.62258	512.41304	70.00000	238.41441	3.67366	2.22202	144.00000	529.76062	544.01042	313.61939	0.72804	2.50960	0.00010	0.00000	0.17683	0.07714	2023-03-23T15:36:19Z
a551475-4457945-040924-699_P15.CEL	43.00000	213.70670	1.61026	1.50268	90.00000	321.13232	320.61183	528.18841	54.00000	185.52083	5.36236	2.98147	130.00000	553.12500	573.60863	321.70449	0.86486	3.09914	0.00010	0.00000	0.14088	0.08242	2023-03-23T15:35:47Z
a551475-4457945-040924-699_P16.CEL	38.00000	192.75082	1.01120	1.32520	60.00000	255.43412	253.44086	393.22826	50.00000	186.61261	3.59867	2.16378	105.00000	403.78922	412.46429	257.62530	0.72973	2.51100	0.00008	0.00000	0.22413	0.08112	2023-03-23T15:35:14Z
a551475-4457945-040924-699_P17.CEL	45.00000	224.86765	1.47152	1.41620	77.00000	318.45777	315.38065	571.82790	72.00000	277.20383	3.85878	2.13674	172.00000	592.31209	609.13839	321.84043	0.70101	2.30700	0.00011	0.00000	0.27036	0.08168	2023-03-23T15:34:42Z
a551475-4457945-040924-699_P18.CEL	47.00000	223.96650	1.70981	1.51826	95.00000	340.03998	338.40430	579.40217	57.00000	200.13795	5.60753	3.01832	147.00000	604.08088	624.35268	341.83806	0.89020	3.26926	0.00010	0.00000	0.14152	0.08794	2023-03-23T15:34:08Z
a551475-4457945-040924-699_P19.CEL	44.00000	220.71405	1.02202	1.31342	69.00000	289.89077	288.25914	488.76087	69.00000	237.28153	2.97878	2.10408	150.00000	499.25980	507.88393	291.68440	0.67061	2.28929	0.00010	0.00000	0.21730	0.07365	2023-03-23T15:33:35Z
a551475-4457945-040924-699_P20.CEL	40.00000	205.80801	1.38123	1.38341	70.00000	284.71622	283.97204	448.97464	52.00000	181.20608	4.32870	2.51693	113.00000	456.08333	461.92262	285.53428	0.81250	2.92200	0.00010	0.00000	0.14551	0.07162	2023-03-23T15:33:03Z
a551475-4457945-040924-699_P21.CEL	39.00000	209.28595	1.19129	1.32313	68.00000	276.91329	276.58280	447.40399	61.00000	216.73761	3.39312	2.14126	121.00000	464.09232	477.80060	277.27660	0.68919	2.29612	0.00009	0.00000	0.19841	0.06880	2023-03-23T15:32:31Z
a551475-4457945-040924-699_P22.CEL	41.00000	218.23856	1.67168	1.44407	81.00000	315.15146	314.92796	521.33152	56.00000	196.01858	5.37273	2.73484	130.00000	536.08007	548.19494	315.39716	0.85811	3.13495	0.00010	0.00000	0.14367	0.06984	2023-03-23T15:31:58Z
a551475-4457945-040924-699_P23.CEL	41.00000	204.68219	1.52040	1.40928	73.00000	288.45552	287.40108	440.95833	51.00000	176.87050	4.33935	2.60579	117.00000	460.88807	477.25893	289.61466	0.82601	2.89115	0.00008	0.00000	0.15251	0.07770	2023-03-23T15:31:25Z
a551475-4457945-040924-699_P24.CEL	46.00000	248.94935	1.51943	1.40765	95.00000	350.43300	349.47097	566.22283	59.00000	218.74493	4.65951	2.68224	157.00000	586.72712	603.56994	351.49054	0.81926	2.90398	0.00011	0.00000	0.14381	0.08137	2023-03-23T15:30:53Z
